~~~~~~~~~~ testing on n=3, k=3, 5 times
##### succeeded test 0 with -1.324938297417224e-06 gap!
mu:
[0.60744264 0.86176813 0.62843961]
A:
[[0.48292983 0.42565136 0.0914188 ]
 [0.41002715 0.36633585 0.223637  ]
 [0.21285008 0.58860259 0.19854733]]
w:
[0.11577438 0.68543167 0.19879395]
-------------------- ground truth --------------------
minimum achieved: 0.0021594645794595596
optimal mu:
[0.67 0.84 0.56]
optimal A:
[[0.45362202 0.46789389 0.07848409]
 [0.41002715 0.36633585 0.223637  ]
 [0.22116328 0.55921695 0.21961977]]
-------------------- scipy --------------------
minimum achieved: 0.0021581396411621424
optimal mu:
[0.67104643 0.83843381 0.55770393]
optimal A:
[[0.45531067 0.46597307 0.07871626]
 [0.41002715 0.36633585 0.223637  ]
 [0.22024386 0.56087946 0.21887668]]
############################################################
##### succeeded test 1 with -4.488556148440209e-06 gap!
mu:
[0.42257488 0.2531797  0.71439247]
A:
[[0.30653891 0.4812854  0.21217569]
 [0.37354233 0.23242907 0.39402861]
 [0.48433227 0.39892929 0.11673844]]
w:
[0.25214248 0.42939425 0.31846327]
-------------------- ground truth --------------------
minimum achieved: 0.012773555942711401
optimal mu:
[0.33 0.45 0.6 ]
optimal A:
[[0.26977296 0.47848374 0.2517433 ]
 [0.40602106 0.23323718 0.36074175]
 [0.48433227 0.39892929 0.11673844]]
-------------------- scipy --------------------
minimum achieved: 0.01276906738656296
optimal mu:
[0.32594408 0.44623194 0.60145734]
optimal A:
[[0.26911643 0.47774969 0.25313388]
 [0.4067748  0.23341656 0.35980864]
 [0.48433227 0.39892929 0.11673844]]
############################################################
##### succeeded test 2 with -7.873759747647866e-06 gap!
mu:
[0.19337533 0.95467365 0.16321403]
A:
[[0.10770641 0.58609022 0.30620337]
 [0.3564599  0.57496413 0.06857597]
 [0.3092219  0.27719676 0.41358134]]
w:
[0.03435395 0.50698407 0.45866198]
-------------------- ground truth --------------------
minimum achieved: 8.05943550274007e-06
optimal mu:
[0.19 0.95 0.16]
optimal A:
[[0.10810397 0.5844661  0.30742992]
 [0.35638983 0.57504767 0.0685625 ]
 [0.3092219  0.27719676 0.41358134]]
-------------------- scipy --------------------
minimum achieved: 1.8567575509220341e-07
optimal mu:
[0.19337533 0.95467365 0.16321403]
optimal A:
[[0.10810104 0.58452719 0.30737177]
 [0.3563688  0.57507213 0.06855907]
 [0.3092219  0.27719676 0.41358134]]
############################################################
##### succeeded test 3 with -2.554518317631751e-06 gap!
mu:
[0.24966638 0.01295889 0.42453208]
A:
[[0.24048251 0.34663301 0.41288448]
 [0.42032649 0.2666552  0.31301831]
 [0.22569952 0.30884043 0.46546005]]
w:
[0.38052962 0.27517425 0.34429613]
-------------------- ground truth --------------------
minimum achieved: 0.0003758839809702158
optimal mu:
[0.28 0.   0.41]
optimal A:
[[0.24048251 0.34663301 0.41288448]
 [0.42236128 0.25640044 0.32123828]
 [0.22484699 0.31902704 0.45612597]]
-------------------- scipy --------------------
minimum achieved: 0.00037332946265258404
optimal mu:
[0.28067663 0.00394891 0.40959645]
optimal A:
[[0.24048251 0.34663301 0.41288448]
 [0.42230461 0.25628659 0.3214088 ]
 [0.22483274 0.3190456  0.45612166]]
############################################################
##### succeeded test 4 with -4.860253889747744e-06 gap!
mu:
[0.23259491 0.98588607 0.95426943]
A:
[[0.41995922 0.10187386 0.47816692]
 [0.14576921 0.33767858 0.51655221]
 [0.60724267 0.36384792 0.02890941]]
w:
[0.00640696 0.28508508 0.70850796]
-------------------- ground truth --------------------
minimum achieved: 0.0014287128779986325
optimal mu:
[0.23 0.98 0.97]
optimal A:
[[0.14950375 0.15468862 0.69580763]
 [0.15194193 0.33511165 0.51294642]
 [0.60724267 0.36384792 0.02890941]]
-------------------- scipy --------------------
minimum achieved: 0.0014238526241088848
optimal mu:
[0.23258504 0.97593892 0.97495368]
optimal A:
[[0.15158751 0.14943815 0.69897434]
 [0.15183432 0.33541087 0.5127548 ]
 [0.60724267 0.36384792 0.02890941]]
############################################################
#################### final success rate: 1.0
#################### average suboptimality gap: -4.2204052801769595e-06
#################### average suboptimality ratio: 0.8023750988555015
### suboptimality gaps:
{0: np.float64(-1.324938297417224e-06), 1: np.float64(-4.488556148440209e-06), 2: np.float64(-7.873759747647866e-06), 3: np.float64(-2.554518317631751e-06), 4: np.float64(-4.860253889747744e-06)}
### suboptimality ratios:
{0: np.float64(0.9993864505535216), 1: np.float64(0.9996486055904424), 2: np.float64(0.023038307711387086), 3: np.float64(0.9932039713130681), 4: np.float64(0.9965981591090884)}
