~~~~~~~~~~ testing on n=3, k=3, 5 times
##### succeeded test 0 with 8.635063649685025e-05 gap!
mu:
[0.60744264 0.86176813 0.62843961]
A:
[[0.48292983 0.42565136 0.0914188 ]
 [0.41002715 0.36633585 0.223637  ]
 [0.21285008 0.58860259 0.19854733]]
w:
[0.11577438 0.68543167 0.19879395]
-------------------- ground truth --------------------
minimum achieved: 0.0021594645794595596
optimal mu:
[0.67 0.84 0.56]
optimal A:
[[0.45362202 0.46789389 0.07848409]
 [0.41002715 0.36633585 0.223637  ]
 [0.22116328 0.55921695 0.21961977]]
-------------------- contribution --------------------
minimum achieved: 0.00224581521595641
optimal mu:
[0.67815878 0.82299846 0.57612137]
optimal A:
[[0.45702089 0.46379762 0.07918149]
 [0.41002715 0.36633585 0.223637  ]
 [0.22010842 0.56171651 0.21817507]]
############################################################
##### failed test 1 with 0.0007123699060161345 gap!
mu:
[0.42257488 0.2531797  0.71439247]
A:
[[0.30653891 0.4812854  0.21217569]
 [0.37354233 0.23242907 0.39402861]
 [0.48433227 0.39892929 0.11673844]]
w:
[0.25214248 0.42939425 0.31846327]
-------------------- ground truth --------------------
minimum achieved: 0.012773555942711401
optimal mu:
[0.33 0.45 0.6 ]
optimal A:
[[0.26977296 0.47848374 0.2517433 ]
 [0.40602106 0.23323718 0.36074175]
 [0.48433227 0.39892929 0.11673844]]
-------------------- contribution --------------------
minimum achieved: 0.013485925848727535
optimal mu:
[0.3742368  0.45525845 0.51652832]
optimal A:
[[0.28291695 0.486232   0.23085105]
 [0.3927899  0.231066   0.3761441 ]
 [0.48433227 0.39892929 0.11673844]]
############################################################
##### succeeded test 2 with -7.89078460990427e-06 gap!
mu:
[0.19337533 0.95467365 0.16321403]
A:
[[0.10770641 0.58609022 0.30620337]
 [0.3564599  0.57496413 0.06857597]
 [0.3092219  0.27719676 0.41358134]]
w:
[0.03435395 0.50698407 0.45866198]
-------------------- ground truth --------------------
minimum achieved: 8.05943550274007e-06
optimal mu:
[0.19 0.95 0.16]
optimal A:
[[0.10810397 0.5844661  0.30742992]
 [0.35638983 0.57504767 0.0685625 ]
 [0.3092219  0.27719676 0.41358134]]
-------------------- contribution --------------------
minimum achieved: 1.686508928358006e-07
optimal mu:
[0.19357251 0.95466798 0.16295087]
optimal A:
[[0.10807076 0.58466199 0.30726724]
 [0.35638282 0.5750579  0.06855928]
 [0.3092219  0.27719676 0.41358134]]
############################################################
##### succeeded test 3 with -3.844930230159963e-07 gap!
mu:
[0.24966638 0.01295889 0.42453208]
A:
[[0.24048251 0.34663301 0.41288448]
 [0.42032649 0.2666552  0.31301831]
 [0.22569952 0.30884043 0.46546005]]
w:
[0.38052962 0.27517425 0.34429613]
-------------------- ground truth --------------------
minimum achieved: 0.0003758839809702158
optimal mu:
[0.28 0.   0.41]
optimal A:
[[0.24048251 0.34663301 0.41288448]
 [0.42236128 0.25640044 0.32123828]
 [0.22484699 0.31902704 0.45612597]]
-------------------- contribution --------------------
minimum achieved: 0.0003754994879471998
optimal mu:
[0.28042255 0.0068644  0.4075243 ]
optimal A:
[[0.24048251 0.34663301 0.41288448]
 [0.4223587  0.25638757 0.32125373]
 [0.22485134 0.31904315 0.45610551]]
############################################################
##### succeeded test 4 with -3.323972535399823e-07 gap!
mu:
[0.23259491 0.98588607 0.95426943]
A:
[[0.41995922 0.10187386 0.47816692]
 [0.14576921 0.33767858 0.51655221]
 [0.60724267 0.36384792 0.02890941]]
w:
[0.00640696 0.28508508 0.70850796]
-------------------- ground truth --------------------
minimum achieved: 0.0014287128779986325
optimal mu:
[0.23 0.98 0.97]
optimal A:
[[0.14950375 0.15468862 0.69580763]
 [0.15194193 0.33511165 0.51294642]
 [0.60724267 0.36384792 0.02890941]]
-------------------- contribution --------------------
minimum achieved: 0.0014283804807450925
optimal mu:
[0.23253705 0.97802419 0.97075661]
optimal A:
[[0.15028491 0.16728737 0.68242772]
 [0.15193425 0.33482222 0.51324353]
 [0.60724267 0.36384792 0.02890941]]
############################################################
#################### final success rate: 0.8
#################### average suboptimality gap: 0.00015802257352530492
#################### average suboptimality ratio: 0.8230853017310256
### suboptimality gaps:
{0: np.float64(8.635063649685025e-05), 1: np.float64(0.0007123699060161345), 2: np.float64(-7.89078460990427e-06), 3: np.float64(-3.844930230159963e-07), 4: np.float64(-3.323972535399823e-07)}
### suboptimality ratios:
{0: np.float64(1.0399870585135789), 1: np.float64(1.0557691146624377), 2: np.float64(0.020925893975882327), 3: np.float64(0.9989770965444615), 4: np.float64(0.9997673449587676)}
