~~~~~~~~~~ testing on n=3, k=3, 5 times
##### succeeded test 0 with -1.5618037106182071e-06 gap!
mu:
[0.60744264 0.86176813 0.62843961]
A:
[[0.48292983 0.42565136 0.0914188 ]
 [0.41002715 0.36633585 0.223637  ]
 [0.21285008 0.58860259 0.19854733]]
w:
[0.11577438 0.68543167 0.19879395]
-------------------- ground truth --------------------
minimum achieved: 0.0021594645794595596
optimal mu:
[0.67 0.84 0.56]
optimal A:
[[0.45362202 0.46789389 0.07848409]
 [0.41002715 0.36633585 0.223637  ]
 [0.22116328 0.55921695 0.21961977]]
-------------------- scipy_softmax --------------------
minimum achieved: 0.0021579027757489414
optimal mu:
[0.67055642 0.83876882 0.55793023]
optimal A:
[[0.4549923  0.46625199 0.07875571]
 [0.41002715 0.36633585 0.223637  ]
 [0.22074599 0.56019303 0.21906097]]
############################################################
##### succeeded test 1 with -4.496190945779688e-06 gap!
mu:
[0.42257488 0.2531797  0.71439247]
A:
[[0.30653891 0.4812854  0.21217569]
 [0.37354233 0.23242907 0.39402861]
 [0.48433227 0.39892929 0.11673844]]
w:
[0.25214248 0.42939425 0.31846327]
-------------------- ground truth --------------------
minimum achieved: 0.012773555942711401
optimal mu:
[0.33 0.45 0.6 ]
optimal A:
[[0.26977296 0.47848374 0.2517433 ]
 [0.40602106 0.23323718 0.36074175]
 [0.48433227 0.39892929 0.11673844]]
-------------------- scipy_softmax --------------------
minimum achieved: 0.012769059751765621
optimal mu:
[0.32597017 0.44628236 0.60135043]
optimal A:
[[0.2691601  0.47770434 0.25313556]
 [0.4066987  0.2334541  0.35984721]
 [0.48433227 0.39892929 0.11673844]]
############################################################
##### succeeded test 2 with -7.891496458438876e-06 gap!
mu:
[0.19337533 0.95467365 0.16321403]
A:
[[0.10770641 0.58609022 0.30620337]
 [0.3564599  0.57496413 0.06857597]
 [0.3092219  0.27719676 0.41358134]]
w:
[0.03435395 0.50698407 0.45866198]
-------------------- ground truth --------------------
minimum achieved: 8.05943550274007e-06
optimal mu:
[0.19 0.95 0.16]
optimal A:
[[0.10810397 0.5844661  0.30742992]
 [0.35638983 0.57504767 0.0685625 ]
 [0.3092219  0.27719676 0.41358134]]
-------------------- scipy_softmax --------------------
minimum achieved: 1.6793904430119415e-07
optimal mu:
[0.19357186 0.954668   0.16295173]
optimal A:
[[0.10805936 0.58466442 0.30727623]
 [0.35637982 0.57506047 0.06855971]
 [0.3092219  0.27719676 0.41358134]]
############################################################
##### succeeded test 3 with -2.564958421884592e-06 gap!
mu:
[0.24966638 0.01295889 0.42453208]
A:
[[0.24048251 0.34663301 0.41288448]
 [0.42032649 0.2666552  0.31301831]
 [0.22569952 0.30884043 0.46546005]]
w:
[0.38052962 0.27517425 0.34429613]
-------------------- ground truth --------------------
minimum achieved: 0.0003758839809702158
optimal mu:
[0.28 0.   0.41]
optimal A:
[[0.24048251 0.34663301 0.41288448]
 [0.42236128 0.25640044 0.32123828]
 [0.22484699 0.31902704 0.45612597]]
-------------------- scipy_softmax --------------------
minimum achieved: 0.0003733190225483312
optimal mu:
[0.28071119 0.00394236 0.40957711]
optimal A:
[[0.24048251 0.34663301 0.41288448]
 [0.42235944 0.25634715 0.32129341]
 [0.2248283  0.31910072 0.45607097]]
############################################################
##### succeeded test 4 with -5.018086714781269e-06 gap!
mu:
[0.23259491 0.98588607 0.95426943]
A:
[[0.41995922 0.10187386 0.47816692]
 [0.14576921 0.33767858 0.51655221]
 [0.60724267 0.36384792 0.02890941]]
w:
[0.00640696 0.28508508 0.70850796]
-------------------- ground truth --------------------
minimum achieved: 0.0014287128779986325
optimal mu:
[0.23 0.98 0.97]
optimal A:
[[0.14950375 0.15468862 0.69580763]
 [0.15194193 0.33511165 0.51294642]
 [0.60724267 0.36384792 0.02890941]]
-------------------- scipy_softmax --------------------
minimum achieved: 0.0014236947912838512
optimal mu:
[0.23257067 0.97646049 0.97391047]
optimal A:
[[0.15119845 0.15037783 0.69842372]
 [0.15183436 0.33524974 0.5129159 ]
 [0.60724267 0.36384792 0.02890941]]
############################################################
#################### final success rate: 1.0
#################### average suboptimality gap: -4.3065072503005265e-06
#################### average suboptimality ratio: 0.801885244805805
### suboptimality gaps:
{0: np.float64(-1.5618037106182071e-06), 1: np.float64(-4.496190945779688e-06), 2: np.float64(-7.891496458438876e-06), 3: np.float64(-2.564958421884592e-06), 4: np.float64(-5.018086714781269e-06)}
### suboptimality ratios:
{0: np.float64(0.9992767634507768), 1: np.float64(0.9996480078870797), 2: np.float64(0.020837569113134256), 3: np.float64(0.9931761965081246), 4: np.float64(0.9964876870699096)}
