[
    {
        "T": 2379,
        "best_arm": 0,
        "A_hats": [
            [
                [
                    0.42857142857142855,
                    0.14285714285714285,
                    0.42857142857142855
                ],
                [
                    0.5,
                    0.25,
                    0.25
                ],
                [
                    0.043478260869565216,
                    0.6086956521739131,
                    0.34782608695652173
                ],
                [
                    0.1111111111111111,
                    0.7777777777777778,
                    0.1111111111111111
                ],
                [
                    0.14285714285714285,
                    0.5714285714285714,
                    0.2857142857142857
                ]
            ],
            [
                [
                    0.23529411764705882,
                    0.29411764705882354,
                    0.47058823529411764
                ],
                [
                    0.5,
                    0.25,
                    0.25
                ],
                [
                    0.043478260869565216,
                    0.6086956521739131,
                    0.34782608695652173
                ],
                [
                    0.1111111111111111,
                    0.7777777777777778,
                    0.1111111111111111
                ],
                [
                    0.14285714285714285,
                    0.5714285714285714,
                    0.2857142857142857
                ]
            ],
            [
                [
                    0.28,
                    0.28,
                    0.44
                ],
                [
                    0.5,
                    0.25,
                    0.25
                ],
                [
                    0.04,
                    0.64,
                    0.32
                ],
                [
                    0.1111111111111111,
                    0.7777777777777778,
                    0.1111111111111111
                ],
                [
                    0.14285714285714285,
                    0.5714285714285714,
                    0.2857142857142857
                ]
            ],
            [
                [
                    0.2413793103448276,
                    0.3103448275862069,
                    0.4482758620689655
                ],
                [
                    0.6,
                    0.2,
                    0.2
                ],
                [
                    0.06896551724137931,
                    0.6206896551724138,
                    0.3103448275862069
                ],
                [
                    0.1111111111111111,
                    0.7777777777777778,
                    0.1111111111111111
                ],
                [
                    0.25,
                    0.5,
                    0.25
                ]
            ],
            [
                [
                    0.21875,
                    0.28125,
                    0.5
                ],
                [
                    0.6666666666666666,
                    0.1111111111111111,
                    0.2222222222222222
                ],
                [
                    0.06451612903225806,
                    0.6451612903225806,
                    0.2903225806451613
                ],
                [
                    0.1111111111111111,
                    0.7777777777777778,
                    0.1111111111111111
                ],
                [
                    0.3333333333333333,
                    0.4444444444444444,
                    0.2222222222222222
                ]
            ],
            [
                [
                    0.21212121212121213,
                    0.2727272727272727,
                    0.5151515151515151
                ],
                [
                    0.6363636363636364,
                    0.18181818181818182,
                    0.18181818181818182
                ],
                [
                    0.09090909090909091,
                    0.6363636363636364,
                    0.2727272727272727
                ],
                [
                    0.1111111111111111,
                    0.7777777777777778,
                    0.1111111111111111
                ],
                [
                    0.42857142857142855,
                    0.35714285714285715,
                    0.21428571428571427
                ]
            ],
            [
                [
                    0.25,
                    0.25,
                    0.5
                ],
                [
                    0.6666666666666666,
                    0.16666666666666666,
                    0.16666666666666666
                ],
                [
                    0.11428571428571428,
                    0.6285714285714286,
                    0.2571428571428571
                ],
                [
                    0.16666666666666666,
                    0.6666666666666666,
                    0.16666666666666666
                ],
                [
                    0.4666666666666667,
                    0.3333333333333333,
                    0.2
                ]
            ],
            [
                [
                    0.2631578947368421,
                    0.2631578947368421,
                    0.47368421052631576
                ],
                [
                    0.6153846153846154,
                    0.23076923076923078,
                    0.15384615384615385
                ],
                [
                    0.18421052631578946,
                    0.5789473684210527,
                    0.23684210526315788
                ],
                [
                    0.15384615384615385,
                    0.6923076923076923,
                    0.15384615384615385
                ],
                [
                    0.5,
                    0.2777777777777778,
                    0.2222222222222222
                ]
            ],
            [
                [
                    0.2631578947368421,
                    0.2631578947368421,
                    0.47368421052631576
                ],
                [
                    0.6153846153846154,
                    0.23076923076923078,
                    0.15384615384615385
                ],
                [
                    0.18421052631578946,
                    0.5789473684210527,
                    0.23684210526315788
                ],
                [
                    0.15384615384615385,
                    0.6923076923076923,
                    0.15384615384615385
                ],
                [
                    0.39285714285714285,
                    0.32142857142857145,
                    0.2857142857142857
                ]
            ],
            [
                [
                    0.2631578947368421,
                    0.2631578947368421,
                    0.47368421052631576
                ],
                [
                    0.6153846153846154,
                    0.23076923076923078,
                    0.15384615384615385
                ],
                [
                    0.18421052631578946,
                    0.5789473684210527,
                    0.23684210526315788
                ],
                [
                    0.15384615384615385,
                    0.6923076923076923,
                    0.15384615384615385
                ],
                [
                    0.4473684210526316,
                    0.2894736842105263,
                    0.2631578947368421
                ]
            ],
            [
                [
                    0.27906976744186046,
                    0.23255813953488372,
                    0.4883720930232558
                ],
                [
                    0.5714285714285714,
                    0.2857142857142857,
                    0.14285714285714285
                ],
                [
                    0.18421052631578946,
                    0.5789473684210527,
                    0.23684210526315788
                ],
                [
                    0.15384615384615385,
                    0.6923076923076923,
                    0.15384615384615385
                ],
                [
                    0.42857142857142855,
                    0.2857142857142857,
                    0.2857142857142857
                ]
            ],
            [
                [
                    0.2708333333333333,
                    0.20833333333333334,
                    0.5208333333333334
                ],
                [
                    0.5714285714285714,
                    0.2857142857142857,
                    0.14285714285714285
                ],
                [
                    0.18421052631578946,
                    0.5789473684210527,
                    0.23684210526315788
                ],
                [
                    0.15384615384615385,
                    0.6923076923076923,
                    0.15384615384615385
                ],
                [
                    0.40425531914893614,
                    0.2978723404255319,
                    0.2978723404255319
                ]
            ],
            [
                [
                    0.24528301886792453,
                    0.22641509433962265,
                    0.5283018867924528
                ],
                [
                    0.5714285714285714,
                    0.2857142857142857,
                    0.14285714285714285
                ],
                [
                    0.18421052631578946,
                    0.5789473684210527,
                    0.23684210526315788
                ],
                [
                    0.15384615384615385,
                    0.6923076923076923,
                    0.15384615384615385
                ],
                [
                    0.38461538461538464,
                    0.3076923076923077,
                    0.3076923076923077
                ]
            ],
            [
                [
                    0.22807017543859648,
                    0.22807017543859648,
                    0.543859649122807
                ],
                [
                    0.5714285714285714,
                    0.2857142857142857,
                    0.14285714285714285
                ],
                [
                    0.18421052631578946,
                    0.5789473684210527,
                    0.23684210526315788
                ],
                [
                    0.14285714285714285,
                    0.7142857142857143,
                    0.14285714285714285
                ],
                [
                    0.42105263157894735,
                    0.2982456140350877,
                    0.2807017543859649
                ]
            ],
            [
                [
                    0.23333333333333334,
                    0.21666666666666667,
                    0.55
                ],
                [
                    0.5,
                    0.3333333333333333,
                    0.16666666666666666
                ],
                [
                    0.18421052631578946,
                    0.5789473684210527,
                    0.23684210526315788
                ],
                [
                    0.13333333333333333,
                    0.7333333333333333,
                    0.13333333333333333
                ],
                [
                    0.4067796610169492,
                    0.3050847457627119,
                    0.288135593220339
                ]
            ],
            [
                [
                    0.234375,
                    0.21875,
                    0.546875
                ],
                [
                    0.5263157894736842,
                    0.3157894736842105,
                    0.15789473684210525
                ],
                [
                    0.18421052631578946,
                    0.5789473684210527,
                    0.23684210526315788
                ],
                [
                    0.125,
                    0.75,
                    0.125
                ],
                [
                    0.3968253968253968,
                    0.31746031746031744,
                    0.2857142857142857
                ]
            ],
            [
                [
                    0.23076923076923078,
                    0.2153846153846154,
                    0.5538461538461539
                ],
                [
                    0.5263157894736842,
                    0.3157894736842105,
                    0.15789473684210525
                ],
                [
                    0.2,
                    0.575,
                    0.225
                ],
                [
                    0.09523809523809523,
                    0.7142857142857143,
                    0.19047619047619047
                ],
                [
                    0.4,
                    0.3230769230769231,
                    0.27692307692307694
                ]
            ],
            [
                [
                    0.22727272727272727,
                    0.21212121212121213,
                    0.5606060606060606
                ],
                [
                    0.55,
                    0.3,
                    0.15
                ],
                [
                    0.2,
                    0.575,
                    0.225
                ],
                [
                    0.14285714285714285,
                    0.6785714285714286,
                    0.17857142857142858
                ],
                [
                    0.3939393939393939,
                    0.3333333333333333,
                    0.2727272727272727
                ]
            ],
            [
                [
                    0.21739130434782608,
                    0.2318840579710145,
                    0.5507246376811594
                ],
                [
                    0.5238095238095238,
                    0.3333333333333333,
                    0.14285714285714285
                ],
                [
                    0.19047619047619047,
                    0.5952380952380952,
                    0.21428571428571427
                ],
                [
                    0.13793103448275862,
                    0.6896551724137931,
                    0.1724137931034483
                ],
                [
                    0.4057971014492754,
                    0.3333333333333333,
                    0.2608695652173913
                ]
            ],
            [
                [
                    0.2112676056338028,
                    0.22535211267605634,
                    0.5633802816901409
                ],
                [
                    0.5454545454545454,
                    0.3181818181818182,
                    0.13636363636363635
                ],
                [
                    0.1702127659574468,
                    0.6170212765957447,
                    0.2127659574468085
                ],
                [
                    0.16666666666666666,
                    0.6666666666666666,
                    0.16666666666666666
                ],
                [
                    0.4142857142857143,
                    0.32857142857142857,
                    0.2571428571428571
                ]
            ],
            [
                [
                    0.20270270270270271,
                    0.24324324324324326,
                    0.5540540540540541
                ],
                [
                    0.5652173913043478,
                    0.30434782608695654,
                    0.13043478260869565
                ],
                [
                    0.1875,
                    0.6041666666666666,
                    0.20833333333333334
                ],
                [
                    0.15625,
                    0.6875,
                    0.15625
                ],
                [
                    0.3972602739726027,
                    0.3424657534246575,
                    0.2602739726027397
                ]
            ],
            [
                [
                    0.2077922077922078,
                    0.23376623376623376,
                    0.5584415584415584
                ],
                [
                    0.5833333333333334,
                    0.2916666666666667,
                    0.125
                ],
                [
                    0.18,
                    0.62,
                    0.2
                ],
                [
                    0.15625,
                    0.6875,
                    0.15625
                ],
                [
                    0.4025974025974026,
                    0.35064935064935066,
                    0.24675324675324675
                ]
            ],
            [
                [
                    0.20987654320987653,
                    0.2222222222222222,
                    0.5679012345679012
                ],
                [
                    0.6,
                    0.28,
                    0.12
                ],
                [
                    0.18,
                    0.62,
                    0.2
                ],
                [
                    0.15151515151515152,
                    0.696969696969697,
                    0.15151515151515152
                ],
                [
                    0.4074074074074074,
                    0.3333333333333333,
                    0.25925925925925924
                ]
            ],
            [
                [
                    0.20481927710843373,
                    0.2289156626506024,
                    0.5662650602409639
                ],
                [
                    0.6,
                    0.28,
                    0.12
                ],
                [
                    0.19230769230769232,
                    0.5961538461538461,
                    0.21153846153846154
                ],
                [
                    0.13513513513513514,
                    0.7027027027027027,
                    0.16216216216216217
                ],
                [
                    0.40963855421686746,
                    0.3373493975903614,
                    0.25301204819277107
                ]
            ],
            [
                [
                    0.21428571428571427,
                    0.2261904761904762,
                    0.5595238095238095
                ],
                [
                    0.6153846153846154,
                    0.2692307692307692,
                    0.11538461538461539
                ],
                [
                    0.18333333333333332,
                    0.6,
                    0.21666666666666667
                ],
                [
                    0.13513513513513514,
                    0.7027027027027027,
                    0.16216216216216217
                ],
                [
                    0.40963855421686746,
                    0.3373493975903614,
                    0.25301204819277107
                ]
            ],
            [
                [
                    0.2235294117647059,
                    0.2235294117647059,
                    0.5529411764705883
                ],
                [
                    0.6153846153846154,
                    0.2692307692307692,
                    0.11538461538461539
                ],
                [
                    0.16666666666666666,
                    0.6060606060606061,
                    0.22727272727272727
                ],
                [
                    0.13157894736842105,
                    0.7105263157894737,
                    0.15789473684210525
                ],
                [
                    0.4117647058823529,
                    0.3411764705882353,
                    0.24705882352941178
                ]
            ],
            [
                [
                    0.22093023255813954,
                    0.22093023255813954,
                    0.5581395348837209
                ],
                [
                    0.6153846153846154,
                    0.2692307692307692,
                    0.11538461538461539
                ],
                [
                    0.14666666666666667,
                    0.6133333333333333,
                    0.24
                ],
                [
                    0.13157894736842105,
                    0.7105263157894737,
                    0.15789473684210525
                ],
                [
                    0.4117647058823529,
                    0.3411764705882353,
                    0.24705882352941178
                ]
            ],
            [
                [
                    0.21839080459770116,
                    0.21839080459770116,
                    0.5632183908045977
                ],
                [
                    0.5925925925925926,
                    0.2962962962962963,
                    0.1111111111111111
                ],
                [
                    0.1625,
                    0.6125,
                    0.225
                ],
                [
                    0.1282051282051282,
                    0.717948717948718,
                    0.15384615384615385
                ],
                [
                    0.40229885057471265,
                    0.3563218390804598,
                    0.2413793103448276
                ]
            ],
            [
                [
                    0.21348314606741572,
                    0.21348314606741572,
                    0.5730337078651685
                ],
                [
                    0.5862068965517241,
                    0.27586206896551724,
                    0.13793103448275862
                ],
                [
                    0.15853658536585366,
                    0.6219512195121951,
                    0.21951219512195122
                ],
                [
                    0.12195121951219512,
                    0.7317073170731707,
                    0.14634146341463414
                ],
                [
                    0.4157303370786517,
                    0.34831460674157305,
                    0.23595505617977527
                ]
            ],
            [
                [
                    0.2111111111111111,
                    0.2222222222222222,
                    0.5666666666666667
                ],
                [
                    0.6388888888888888,
                    0.2222222222222222,
                    0.1388888888888889
                ],
                [
                    0.1686746987951807,
                    0.6144578313253012,
                    0.21686746987951808
                ],
                [
                    0.12195121951219512,
                    0.7317073170731707,
                    0.14634146341463414
                ],
                [
                    0.4222222222222222,
                    0.34444444444444444,
                    0.23333333333333334
                ]
            ],
            [
                [
                    0.20652173913043478,
                    0.21739130434782608,
                    0.5760869565217391
                ],
                [
                    0.631578947368421,
                    0.23684210526315788,
                    0.13157894736842105
                ],
                [
                    0.16470588235294117,
                    0.6235294117647059,
                    0.21176470588235294
                ],
                [
                    0.11627906976744186,
                    0.7441860465116279,
                    0.13953488372093023
                ],
                [
                    0.42391304347826086,
                    0.34782608695652173,
                    0.22826086956521738
                ]
            ],
            [
                [
                    0.19791666666666666,
                    0.21875,
                    0.5833333333333334
                ],
                [
                    0.631578947368421,
                    0.23684210526315788,
                    0.13157894736842105
                ],
                [
                    0.16279069767441862,
                    0.627906976744186,
                    0.20930232558139536
                ],
                [
                    0.11363636363636363,
                    0.75,
                    0.13636363636363635
                ],
                [
                    0.4270833333333333,
                    0.34375,
                    0.22916666666666666
                ]
            ],
            [
                [
                    0.1958762886597938,
                    0.21649484536082475,
                    0.5876288659793815
                ],
                [
                    0.6511627906976745,
                    0.20930232558139536,
                    0.13953488372093023
                ],
                [
                    0.1590909090909091,
                    0.625,
                    0.2159090909090909
                ],
                [
                    0.1111111111111111,
                    0.7555555555555555,
                    0.13333333333333333
                ],
                [
                    0.4329896907216495,
                    0.3402061855670103,
                    0.2268041237113402
                ]
            ],
            [
                [
                    0.19387755102040816,
                    0.22448979591836735,
                    0.5816326530612245
                ],
                [
                    0.6590909090909091,
                    0.20454545454545456,
                    0.13636363636363635
                ],
                [
                    0.18085106382978725,
                    0.6063829787234043,
                    0.2127659574468085
                ],
                [
                    0.13043478260869565,
                    0.7391304347826086,
                    0.13043478260869565
                ],
                [
                    0.4387755102040816,
                    0.336734693877551,
                    0.22448979591836735
                ]
            ],
            [
                [
                    0.1919191919191919,
                    0.2222222222222222,
                    0.5858585858585859
                ],
                [
                    0.6590909090909091,
                    0.20454545454545456,
                    0.13636363636363635
                ],
                [
                    0.18947368421052632,
                    0.6,
                    0.21052631578947367
                ],
                [
                    0.16981132075471697,
                    0.660377358490566,
                    0.16981132075471697
                ],
                [
                    0.43434343434343436,
                    0.3434343434343434,
                    0.2222222222222222
                ]
            ],
            [
                [
                    0.1919191919191919,
                    0.2222222222222222,
                    0.5858585858585859
                ],
                [
                    0.6590909090909091,
                    0.20454545454545456,
                    0.13636363636363635
                ],
                [
                    0.18947368421052632,
                    0.6,
                    0.21052631578947367
                ],
                [
                    0.1746031746031746,
                    0.6349206349206349,
                    0.19047619047619047
                ],
                [
                    0.43434343434343436,
                    0.3434343434343434,
                    0.2222222222222222
                ]
            ],
            [
                [
                    0.1919191919191919,
                    0.2222222222222222,
                    0.5858585858585859
                ],
                [
                    0.6666666666666666,
                    0.2,
                    0.13333333333333333
                ],
                [
                    0.20202020202020202,
                    0.5858585858585859,
                    0.21212121212121213
                ],
                [
                    0.20588235294117646,
                    0.6176470588235294,
                    0.17647058823529413
                ],
                [
                    0.43434343434343436,
                    0.3434343434343434,
                    0.2222222222222222
                ]
            ],
            [
                [
                    0.20388349514563106,
                    0.22330097087378642,
                    0.5728155339805825
                ],
                [
                    0.6666666666666666,
                    0.2,
                    0.13333333333333333
                ],
                [
                    0.21,
                    0.58,
                    0.21
                ],
                [
                    0.2028985507246377,
                    0.6231884057971014,
                    0.17391304347826086
                ],
                [
                    0.42718446601941745,
                    0.33980582524271846,
                    0.23300970873786409
                ]
            ],
            [
                [
                    0.2037037037037037,
                    0.24074074074074073,
                    0.5555555555555556
                ],
                [
                    0.6666666666666666,
                    0.2,
                    0.13333333333333333
                ],
                [
                    0.21,
                    0.58,
                    0.21
                ],
                [
                    0.2028985507246377,
                    0.6231884057971014,
                    0.17391304347826086
                ],
                [
                    0.4166666666666667,
                    0.35185185185185186,
                    0.23148148148148148
                ]
            ],
            [
                [
                    0.19469026548672566,
                    0.24778761061946902,
                    0.5575221238938053
                ],
                [
                    0.6666666666666666,
                    0.2,
                    0.13333333333333333
                ],
                [
                    0.21,
                    0.58,
                    0.21
                ],
                [
                    0.2028985507246377,
                    0.6231884057971014,
                    0.17391304347826086
                ],
                [
                    0.415929203539823,
                    0.35398230088495575,
                    0.23008849557522124
                ]
            ],
            [
                [
                    0.19130434782608696,
                    0.24347826086956523,
                    0.5652173913043478
                ],
                [
                    0.6538461538461539,
                    0.19230769230769232,
                    0.15384615384615385
                ],
                [
                    0.21,
                    0.58,
                    0.21
                ],
                [
                    0.2028985507246377,
                    0.6231884057971014,
                    0.17391304347826086
                ],
                [
                    0.42105263157894735,
                    0.3508771929824561,
                    0.22807017543859648
                ]
            ],
            [
                [
                    0.1896551724137931,
                    0.25,
                    0.5603448275862069
                ],
                [
                    0.660377358490566,
                    0.18867924528301888,
                    0.1509433962264151
                ],
                [
                    0.20952380952380953,
                    0.580952380952381,
                    0.20952380952380953
                ],
                [
                    0.2,
                    0.6285714285714286,
                    0.17142857142857143
                ],
                [
                    0.41379310344827586,
                    0.35344827586206895,
                    0.23275862068965517
                ]
            ],
            [
                [
                    0.18487394957983194,
                    0.24369747899159663,
                    0.5714285714285714
                ],
                [
                    0.6666666666666666,
                    0.18518518518518517,
                    0.14814814814814814
                ],
                [
                    0.20952380952380953,
                    0.580952380952381,
                    0.20952380952380953
                ],
                [
                    0.20270270270270271,
                    0.6216216216216216,
                    0.17567567567567569
                ],
                [
                    0.423728813559322,
                    0.3474576271186441,
                    0.2288135593220339
                ]
            ],
            [
                [
                    0.18333333333333332,
                    0.24166666666666667,
                    0.575
                ],
                [
                    0.6727272727272727,
                    0.18181818181818182,
                    0.14545454545454545
                ],
                [
                    0.2018348623853211,
                    0.5871559633027523,
                    0.21100917431192662
                ],
                [
                    0.19736842105263158,
                    0.631578947368421,
                    0.17105263157894737
                ],
                [
                    0.425,
                    0.35,
                    0.225
                ]
            ],
            [
                [
                    0.18181818181818182,
                    0.2396694214876033,
                    0.5785123966942148
                ],
                [
                    0.6727272727272727,
                    0.18181818181818182,
                    0.14545454545454545
                ],
                [
                    0.211864406779661,
                    0.5677966101694916,
                    0.22033898305084745
                ],
                [
                    0.19736842105263158,
                    0.631578947368421,
                    0.17105263157894737
                ],
                [
                    0.425,
                    0.35,
                    0.225
                ]
            ],
            [
                [
                    0.18548387096774194,
                    0.24193548387096775,
                    0.5725806451612904
                ],
                [
                    0.6785714285714286,
                    0.17857142857142858,
                    0.14285714285714285
                ],
                [
                    0.21138211382113822,
                    0.5691056910569106,
                    0.21951219512195122
                ],
                [
                    0.19736842105263158,
                    0.631578947368421,
                    0.17105263157894737
                ],
                [
                    0.4297520661157025,
                    0.34710743801652894,
                    0.2231404958677686
                ]
            ],
            [
                [
                    0.19047619047619047,
                    0.24603174603174602,
                    0.5634920634920635
                ],
                [
                    0.6666666666666666,
                    0.19298245614035087,
                    0.14035087719298245
                ],
                [
                    0.23015873015873015,
                    0.5555555555555556,
                    0.21428571428571427
                ],
                [
                    0.19230769230769232,
                    0.6410256410256411,
                    0.16666666666666666
                ],
                [
                    0.43089430894308944,
                    0.34959349593495936,
                    0.21951219512195122
                ]
            ],
            [
                [
                    0.1875,
                    0.2421875,
                    0.5703125
                ],
                [
                    0.6779661016949152,
                    0.1864406779661017,
                    0.13559322033898305
                ],
                [
                    0.234375,
                    0.5546875,
                    0.2109375
                ],
                [
                    0.1875,
                    0.65,
                    0.1625
                ],
                [
                    0.432,
                    0.352,
                    0.216
                ]
            ],
            [
                [
                    0.18461538461538463,
                    0.23846153846153847,
                    0.5769230769230769
                ],
                [
                    0.6779661016949152,
                    0.1864406779661017,
                    0.13559322033898305
                ],
                [
                    0.23846153846153847,
                    0.5538461538461539,
                    0.2076923076923077
                ],
                [
                    0.18518518518518517,
                    0.654320987654321,
                    0.16049382716049382
                ],
                [
                    0.4230769230769231,
                    0.3384615384615385,
                    0.23846153846153847
                ]
            ],
            [
                [
                    0.2,
                    0.22962962962962963,
                    0.5703703703703704
                ],
                [
                    0.6779661016949152,
                    0.1864406779661017,
                    0.13559322033898305
                ],
                [
                    0.23846153846153847,
                    0.5538461538461539,
                    0.2076923076923077
                ],
                [
                    0.18518518518518517,
                    0.654320987654321,
                    0.16049382716049382
                ],
                [
                    0.4148148148148148,
                    0.34074074074074073,
                    0.24444444444444444
                ]
            ],
            [
                [
                    0.2,
                    0.2357142857142857,
                    0.5642857142857143
                ],
                [
                    0.6779661016949152,
                    0.1864406779661017,
                    0.13559322033898305
                ],
                [
                    0.23846153846153847,
                    0.5538461538461539,
                    0.2076923076923077
                ],
                [
                    0.18518518518518517,
                    0.654320987654321,
                    0.16049382716049382
                ],
                [
                    0.4142857142857143,
                    0.32857142857142857,
                    0.2571428571428571
                ]
            ],
