[
    {
        "T": 259,
        "best_arm": 2,
        "w_s": [
            [
                0.1134814133434338,
                0.44325252962502026,
                0.4432660570315459
            ],
            [
                0.08844966200239242,
                0.45576821431552006,
                0.45578212368208754
            ],
            [
                0.05468366846493379,
                0.472650953466232,
                0.4726653780688342
            ],
            [
                0.04662496363107361,
                0.4766802443991853,
                0.47669479196974107
            ],
            [
                0.061210749484299797,
                0.4693874627549851,
                0.4694017877607151
            ],
            [
                0.05120743571924948,
                0.47438904331711834,
                0.47440352096363214
            ],
            [
                0.06295576081672338,
                0.46851497040235635,
                0.4685292687809202
            ],
            [
                0.06367870613784432,
                0.46815350325751515,
                0.46816779060464053
            ],
            [
                0.0730813838363837,
                0.4634522361460779,
                0.4634663800175384
            ],
            [
                0.06613372093023256,
                0.46692601459188326,
                0.46694026447788417
            ],
            [
                0.05791788856304985,
                0.4710338680926916,
                0.47104824334425854
            ],
            [
                0.05487453129506778,
                0.4725555235073551,
                0.47256994519757717
            ],
            [
                0.0631700831975298,
                0.4684078108471281,
                0.46842210595534206
            ],
            [
                0.0588649223080679,
                0.4705603584455869,
                0.4705747192463452
            ],
            [
                0.05948622273249139,
                0.4702497129735936,
                0.47026406429391504
            ],
            [
                0.06005278104472046,
                0.46996643814004185,
                0.46998078081523764
            ],
            [
                0.05471093930302331,
                0.4726373182552504,
                0.4726517424417263
            ],
            [
                0.05192118511660205,
                0.47403217406400094,
                0.474046640819397
            ],
            [
                0.05192118511660205,
                0.47403217406400094,
                0.474046640819397
            ],
            [
                0.0496389106412599,
                0.4751732938890339,
                0.4751877954697062
            ],
            [
                0.050382542166579725,
                0.4748014837999189,
                0.4748159740335014
            ]
        ],
        "lambdas": [
            6.15548770611195,
            7.887295966540112,
            5.525531621242453,
            6.01518312877889,
            9.175859514523992,
            7.468877139231289,
            10.462019399421653,
            11.202273758765301,
            14.319030407016816,
            14.702986622911265,
            13.651906082608551,
            13.569632773868218,
            16.03851750584855,
            16.44306179762733,
            17.217762319642688,
            18.00589265078988,
            17.16387291990949,
            17.58677335004055,
            18.819976448462,
            19.268945734615997,
            20.051154514906358,
            22.676882153905332
        ],
        "betas": [
            18.253448152236004,
            19.000662554066224,
            19.426168413057837,
            19.760370501144507,
            20.04663110924891,
            20.29699677085523,
            20.51947564949625,
            20.71966266901185,
            20.90162131525927,
            21.068396148314925,
            21.222327361445373,
            21.365252597042748,
            21.498641285421577,
            21.62368689193915,
            21.74137197001109,
            21.8525151070806,
            21.957805494052256,
            22.057828838392208,
            22.153087098464425,
            22.244013726885736,
            22.330985596141723,
            22.406169126344814
        ]
    },
    {
        "T": 100,
        "best_arm": 2,
        "w_s": [
            [
                0.1820190219426346,
                0.40898424823385504,
                0.4089967298235103
            ],
            [
                0.2769269810446411,
                0.3615309927841649,
                0.361542026171194
            ],
            [
                0.2475025835342749,
                0.376242967045585,
                0.3762544494201401
            ],
            [
                0.19876026995305165,
                0.40061375195618154,
                0.40062597809076683
            ],
            [
                0.204363344988345,
                0.3978122571872572,
                0.3978243978243978
            ],
            [
                0.16753467811594938,
                0.41622630963873786,
                0.41623901224531273
            ],
            [
                0.16034593209481102,
                0.4198206278026906,
                0.4198334401024984
            ],
            [
                0.14254873740677745,
                0.42871908936281566,
                0.4287321732304069
            ]
        ],
        "lambdas": [
            2.3737222461869782,
            7.93044537009516,
            11.711390276540017,
            13.790161666247563,
            15.674981206915888,
            16.71919415889145,
            19.294992710408003,
            20.574924406714704,
            20.574924406714704
        ],
        "betas": [
            16.641157170819497,
            17.786289475122498,
            18.509289618832124,
            19.039052443617866,
            19.468470792748523,
            19.82025212567585,
            20.119315593617777,
            20.379421850114177,
            20.379421850114177
        ]
    },
    {
        "T": 209,
        "best_arm": 2,
        "w_s": [
            [
                0.09601909070845288,
                0.45198355771352905,
                0.4519973515780181
            ],
            [
                0.048756060034255526,
                0.47561471245681775,
                0.4756292275089268
            ],
            [
                0.06844349680170576,
                0.46577114427860694,
                0.46578535891968725
            ],
            [
                0.052579078239750186,
                0.47370323252182966,
                0.47371768923842017
            ],
            [
                0.06695805689228053,
                0.4665138529001395,
                0.46652809020757996
            ],
            [
                0.0840926878354204,
                0.45794666815742396,
                0.45796064400715564
            ],
            [
                0.0693959274090483,
                0.4652949362415154,
                0.46530913634943627
            ],
            [
                0.07232036691014099,
                0.4638327388030123,
                0.4638468942868467
            ],
            [
                0.07100533000680427,
                0.4644902472215922,
                0.46450442277160353
            ],
            [
                0.06322364847479917,
                0.4683810286171703,
                0.46839532290803054
            ],
            [
                0.0656277624112464,
                0.4671789899911603,
                0.46719324759759334
            ],
            [
                0.07580031025243267,
                0.4620927936821323,
                0.46210689606543504
            ],
            [
                0.06955447653122072,
                0.4652156628900815,
                0.4652298605786978
            ],
            [
                0.08106175332323742,
                0.45946211228896744,
                0.45947613438779517
            ],
            [
                0.07990059809620083,
                0.4600426810434392,
                0.46005672086036
            ],
            [
                0.06878765488234626,
                0.46559906786404454,
                0.4656132772536092
            ],
            [
                0.0699242144702109,
                0.46503079674150605,
                0.46504498878828304
            ],
            [
                0.06666571721544948,
                0.4666600205081463,
                0.46667426227640424
            ],
            [
                0.06865531648807663,
                0.4656652360515021,
                0.4656794474604212
            ]
        ],
        "lambdas": [
            0.6665952134574595,
            1.310867900369327,
            3.1788857851569894,
            2.7803089197376174,
            4.145437658124603,
            6.787522009399412,
            5.87949915077162,
            6.724757005657656,
            7.783394788999633,
            8.278792926280069,
            10.367823299324794,
            12.600493669443889,
            13.33371387865948,
            16.814524328091995,
            18.690982510208702,
            16.966483587548524,
            18.87106502014028,
            18.748980870690822,
            21.001354414249164,
            22.022497235961033
        ],
        "betas": [
            15.611537753638338,
            16.641157170819497,
            17.406071149749117,
            17.87156323221359,
            18.39901508837187,
            18.84668055097041,
            19.235700893032583,
            19.486066554638903,
            19.708545433279923,
            19.908732452795523,
            20.278743330545883,
            20.52739828012713,
            20.756703940692198,
            20.969695120542394,
            21.168365815337875,
            21.2982870957383,
            21.420280663931024,
            21.5352586486598,
            21.756238276645178,
            21.85027895856306
        ]
    },
    {
        "T": 311,
        "best_arm": 2,
        "w_s": [
            [
                0.09170916953099013,
                0.4541384854196696,
                0.45415234504934027
            ],
            [
                0.07889188733344578,
                0.4605470287288469,
                0.46056108393770734
            ],
            [
                0.10319393508128524,
                0.44839619026766653,
                0.4484098746510482
            ],
            [
                0.0735531114818061,
                0.46321637592241793,
                0.46323051259577597
            ],
            [
                0.08796760187040747,
                0.45600924070362947,
                0.45602315742596305
            ],
            [
                0.06512125534950071,
                0.467432239657632,
                0.46744650499286733
            ],
            [
                0.06554782410311984,
                0.46721895853533335,
                0.46723321736154677
            ],
            [
                0.05225024584948227,
                0.47386764620813326,
                0.47388210794238445
            ],
            [
                0.03851232394366197,
                0.4807365023474178,
                0.4807511737089202
            ],
            [
                0.049363195915170154,
                0.47531114914851025,
                0.47532565493631956
            ],
            [
                0.04180191244846039,
                0.47909173319297016,
                0.47910635435856946
            ],
            [
                0.04350808570260961,
                0.4782386595831631,
                0.47825325471422736
            ],
            [
                0.04498557313980939,
                0.47749992713706974,
                0.4775144997231209
            ],
            [
                0.04339639166228761,
                0.4782945057511532,
                0.47830910258655923
            ],
            [
                0.04676363636363636,
                0.4766109090909091,
                0.4766254545454545
            ],
            [
                0.04545851782801212,
                0.4772634584013051,
                0.47727802377068285
            ],
            [
                0.04484638255698711,
                0.4775695213665248,
                0.47758409607648805
            ],
            [
                0.048756060034255526,
                0.47561471245681775,
                0.4756292275089268
            ],
            [
                0.04928045029884524,
                0.47535252132536415,
                0.47536702837579065
            ],
            [
                0.05397407396714496,
                0.47300574530126743,
                0.47302018073158764
            ],
            [
                0.05430171144910387,
                0.4728419290600017,
                0.4728563594908944
            ],
            [
                0.052524288688410824,
                0.47373062687948186,
                0.47374508443210733
            ],
            [
                0.050905141202027514,
                0.47454018826937,
                0.47455467052860245
            ],
            [
                0.06268771990045482,
                0.46864898881546957,
                0.46866329128407563
            ],
            [
                0.0638124625010714,
                0.46808662609639723,
                0.46810091140253135
            ],
            [
                0.0645607924862257,
                0.46771246681321194,
                0.4677267407005624
            ],
            [
                0.060214529497805945,
                0.46988556514756075,
                0.46989990535463333
            ],
            [
                0.05560999510044096,
                0.47218779721589765,
                0.4722022076836614
            ],
            [
                0.05574606650913492,
                0.47211976254970894,
                0.4721341709411561
            ],
            [
                0.060241482161294026,
                0.46987208902145233,
                0.4698864288172536
            ]
        ],
        "lambdas": [
            0.8161371360251616,
            1.7727709963466705,
            3.753991207615908,
            3.216010424991711,
            5.521631233327124,
            4.749550520171326,
            5.94164813813118,
            5.542362024968625,
            4.1408811046389555,
            6.288938649726211,
            5.7968263414820305,
            6.870754456881501,
            7.9825470252866815,
            8.120638967115536,
            8.656276535165697,
            9.79301063035982,
            9.690272378818737,
            11.441081822559347,
            12.819209959898295,
            15.201414198099972,
            16.667626553996072,
            16.733641093477644,
            16.81630927064619,
            18.56844949196496,
            20.59431906126327,
            21.416498633541853,
            20.700390145326217,
            18.716272005636405,
            19.832747183680503,
            22.741567750752615,
            23.10334619265462
        ],
        "betas": [
            15.976180867226248,
            16.903521435286986,
            17.534325485272795,
            18.013062794487286,
            18.518074448387857,
            18.84668055097041,
            19.128837747490223,
            19.486066554638903,
            19.708545433279923,
            20.00746729348121,
            20.191082391987457,
            20.35924862640854,
            20.51436509510029,
            20.658312094350467,
            20.792590700025723,
            21.094548861125386,
            21.21434514428752,
            21.327369564814205,
            21.510887011838513,
            21.683045008419857,
            21.845163857896292,
            21.938640856618957,
            22.02794318535514,
            22.282337871969684,
            22.46023634761509,
            22.540568431065758,
            22.61779810332132,
            22.692156109804827,
            22.7638483733511,
            22.877526761023198,
            22.8843527260936
        ]
    },
    {
        "T": 164,
        "best_arm": 2,
        "w_s": [
            [
                0.33332994242233116,
                0.33332994242233116,
                0.3333401151553376
            ],
            [
                0.30168996675475235,
                0.34914968885857983,
                0.3491603443866678
            ],
            [
                0.07258292765764746,
                0.4637014604324691,
                0.4637156119098834
            ],
            [
                0.12146763901549681,
                0.43925947771998497,
                0.4392728832645182
            ],
            [
                0.12435530851660832,
                0.43781566500093533,
                0.43782902648245636
            ],
            [
                0.12610678472370387,
                0.4369399402602944,
                0.43695327501600173
            ],
            [
                0.12703804347826086,
                0.4364743179880648,
                0.43648763853367434
            ],
            [
                0.12111418072579996,
                0.4394362041681195,
                0.4394496151060805
            ],
            [
                0.12512682223527527,
                0.4374299140278742,
                0.43744326373685055
            ],
            [
                0.1606685450819672,
                0.4196593237704918,
                0.419672131147541
            ],
            [
                0.1324234160290185,
                0.43378167280044483,
                0.4337949111705367
            ],
            [
                0.12824571671810153,
                0.43587049058210064,
                0.4358837926997978
            ],
            [
                0.16315507201961385,
                0.41841607927265295,
                0.41842884870773317
            ],
            [
                0.14821024721204087,
                0.425888377654735,
                0.4259013751332242
            ],
            [
                0.13801494186352398,
                0.4309859525437997,
                0.4309991055926764
            ],
            [
                0.1294500531349628,
                0.43526833156216793,
                0.4352816153028693
            ]
        ],
        "lambdas": [
            0.18345008339531177,
            3.3982322923845394,
            1.6259649747056395,
            4.556689241317914,
            6.814342117784836,
            9.167560671479434,
            11.784164739262271,
            11.19838843064545,
            12.653238497526747,
            15.323155594003117,
            14.401059861331305,
            15.149263515597898,
            15.823978682056389,
            19.63349656097424,
            19.817887548339613,
            20.962878039167446,
            21.644770154279243
        ],
        "betas": [
            14.225243392518447,
            16.01254851139712,
            17.074793155894355,
            17.77140654443079,
            18.287064763034987,
            18.696653588327013,
            19.1736249607508,
            19.531528928715662,
            19.850463544671545,
            20.263368854425476,
            20.51947564949625,
            20.71966266901185,
            20.938296793817678,
            21.23193861935549,
            21.41907946258539,
            21.5684108559767,
            21.625155105387453
        ]
    },
    {
        "T": 299,
        "best_arm": 2,
        "w_s": [
            [
                0.10986906443551016,
                0.44505867651852654,
                0.44507225904596326
            ],
            [
                0.10880385117493473,
                0.44559127502175805,
                0.4456048738033072
            ],
            [
                0.06690491784605747,
                0.46654042201782614,
                0.4665546601361164
            ],
            [
                0.059108137598346065,
                0.47043875265606155,
                0.47045310974559235
            ],
            [
                0.06311651179413867,
                0.4684345961401001,
                0.46844889206576124
            ],
            [
                0.05718601640051791,
                0.4713997985901309,
                0.47141418500935117
            ],
            [
                0.046458503084623445,
                0.4767634734023979,
                0.4767780235129787
            ],
            [
                0.04828637815858263,
                0.47584954981121114,
                0.4758640720302062
            ],
            [
                0.049776708038510614,
                0.4751043962417353,
                0.4751188957197541
            ],
            [
                0.0461254075454122,
                0.47693001863064743,
                0.4769445738239404
            ],
            [
                0.04331260401156171,
                0.4783363989372573,
                0.478350997051181
            ],
            [
                0.04180191244846039,
                0.47909173319297016,
                0.47910635435856946
            ],
            [
                0.04048316251830161,
                0.4797510980966325,
                0.4797657393850659
            ],
            [
                0.04431708810919591,
                0.47783416455216265,
                0.47784874733864147
            ],
            [
                0.0471239967430499,
                0.47643073165057576,
                0.47644527160637434
            ],
            [
                0.04339639166228761,
                0.4782945057511532,
                0.47830910258655923
            ],
            [
                0.048258735368439394,
                0.4758633709953818,
                0.47587789363617883
            ],
            [
                0.052935055926471866,
                0.47352524639440446,
                0.4735396976791237
            ],
            [
                0.050492610837438424,
                0.47474645030425966,
                0.47476093885830195
            ],
            [
                0.04839693326363478,
                0.4757942731021665,
                0.47580879363419876
            ],
            [
                0.05156444470172798,
                0.47421054154968306,
                0.47422501374858894
            ],
            [
                0.05279817309360005,
                0.4735936867664913,
                0.47360814013990865
            ],
            [
                0.05318134535367545,
                0.47340210355987056,
                0.473416551086454
            ],
            [
                0.051948615571564966,
                0.4740184590458004,
                0.4740329253826346
            ],
            [
                0.05686037475174855,
                0.47156261693002904,
                0.47157700831822236
            ],
            [
                0.06357167352537722,
                0.4682070187471422,
                0.46822130772748055
            ]
        ],
        "lambdas": [
            4.921801793724141,
            5.930564973705886,
            5.443866669933117,
            5.164419270577909,
            5.882576727706162,
            6.644746155673689,
            5.868743494407935,
            7.102979593022978,
            8.374612182693673,
            8.167672567422091,
            8.683044477592137,
            8.711773635890562,
            8.781706506337292,
            9.969194161297622,
            11.45370183180821,
            10.458888910092774,
            11.946621003213753,
            13.463901767982312,
            13.90999685576572,
            14.368259427177595,
            16.27296112749051,
            17.069226052857594,
            18.26792725533419,
            18.32812988749797,
            21.023687869777138,
            22.091000536529936,
            22.836207519873
        ],
        "betas": [
            17.893920139314865,
            18.504683438417228,
            18.971913140780238,
            19.350397140057293,
            19.66852652931667,
            19.98149180707795,
            20.22573375083374,
            20.443365310240438,
            20.639619961338312,
            20.861854644131192,
            21.02723807582142,
            21.179984033390568,
            21.321887505335134,
            21.45422189735906,
            21.57864983863155,
            21.695642251994766,
            21.806167609344865,
            21.910903580379497,
            22.010426599497624,
            22.105231077286792,
            22.195744260463034,
            22.282337871969684,
            22.365337333783188,
            22.445029150877588,
            22.52166687948186,
            22.736123364100305,
            22.801007333292464
        ]
    },
    {
        "T": 164,
        "best_arm": 2,
        "w_s": [
            [
                0.16734429395471756,
                0.41632150026681575,
                0.4163342057784667
            ],
            [
                0.124776302785865,
                0.43760517107828734,
                0.4376185261358476
            ],
            [
                0.13233152389778896,
                0.43382761816496757,
                0.4338408579372435
            ],
            [
                0.14984562696209427,
                0.425070700256856,
                0.42508367278104975
            ],
            [
                0.11573024611398963,
                0.44212813039723664,
                0.4421416234887737
            ],
            [
                0.13311198708960553,
                0.43343739252361174,
                0.4334506203867827
            ],
            [
                0.1477893368010403,
                0.4260988296488947,
                0.42611183355006504
            ],
            [
                0.11467902301956122,
                0.4426537339241327,
                0.44266724305630606
            ],
            [
                0.11768269696806505,
                0.4411519198664441,
                0.44116538316549087
            ],
            [
                0.09709018764983053,
                0.451448017414786,
                0.4514617949353834
            ],
            [
                0.08580475964623496,
                0.45709064531428734,
                0.4571045950394777
            ],
            [
                0.09019602398933807,
                0.45489504664593516,
                0.45490892936472677
            ],
            [
                0.08439979881524533,
                0.4577931150106181,
                0.45780708617413657
            ],
            [
                0.0882467514399399,
                0.455869668048638,
                0.45588358051142214
            ],
            [
                0.09191054206850682,
                0.4540378006872852,
                0.454051657244208
            ]
        ],
        "lambdas": [
            2.2913455771936033,
            3.6839890531799426,
            6.082430688466621,
            9.716699402615887,
            10.145048693258907,
            14.091774868953983,
            13.493490638721893,
            11.78155538563929,
            14.152838958565301,
            12.751960287907762,
            13.15086674076328,
            15.445800457638786,
            15.153981445601021,
            17.422020871269872,
            20.12230637555625,
            21.56085925004836
        ],
        "betas": [
            15.996800154428982,
            16.983564142960525,
            17.63440894382978,
            18.284996509970927,
            18.696653588327013,
            19.1736249607508,
            19.66852652931667,
            19.942928772343638,
            20.18418474792087,
            20.3994460763056,
            20.593773573212896,
            20.770880367895785,
            20.93357164680369,
            21.084018489278865,
            21.274868535574477,
            21.375944850110972
        ]
    },
    {
        "T": 297,
        "best_arm": 2,
        "w_s": [
            [
                0.23180166451764153,
                0.3840933067635682,
                0.3841050287187903
            ],
            [
                0.0969906578113374,
                0.45149778157466863,
                0.451511560613994
            ],
            [
                0.10319393508128524,
                0.44839619026766653,
                0.4484098746510482
            ],
            [
                0.10446843399836021,
                0.4477589505329325,
                0.4477726154687073
            ],
            [
                0.06780745924724758,
                0.4660891582031806,
                0.46610338254957184
            ],
            [
                0.09092800665834373,
                0.4545290608961021,
                0.45454293244555416
            ],
            [
                0.08103598171467033,
                0.4594749978966262,
                0.4594890203887035
            ],
            [
                0.06934306569343066,
                0.4653213666960152,
                0.4653355676105541
            ],
            [
                0.07121598639455783,
                0.46438492063492065,
                0.46439909297052157
            ],
            [
                0.06594737892306377,
                0.46701918417376925,
                0.46703343690316695
            ],
            [
                0.06196324287186534,
                0.4690112218023589,
                0.4690255353257758
            ],
            [
                0.05096011816838995,
                0.4745127002056362,
                0.47452718162597385
            ],
            [
                0.048479832738043384,
                0.4757528239974446,
                0.47576734326451203
            ],
            [
                0.04025833284517603,
                0.47986351121785487,
                0.47987815593696914
            ],
            [
                0.041409472544832224,
                0.47928795015065967,
                0.4793025773045081
            ],
            [
                0.047262524350885356,
                0.47636146890355596,
                0.4763760067455587
            ],
            [
                0.04737331744047446,
                0.4763060732040585,
                0.47632060935546705
            ],
            [
                0.04789923291492329,
                0.47604311947931194,
                0.47605764760576474
            ],
            [
                0.04839693326363478,
                0.4757942731021665,
                0.47580879363419876
            ],
            [
                0.0488388969521045,
                0.4755732946298984,
                0.4755878084179971
            ],
            [
                0.04737331744047446,
                0.4763060732040585,
                0.47632060935546705
            ],
            [
                0.05658883482567011,
                0.47169838482135146,
                0.4717127803529784
            ],
            [
                0.05791788856304985,
                0.4710338680926916,
                0.47104824334425854
            ],
            [
                0.05889195243839394,
                0.4705468435866506,
                0.4705612039749555
            ],
            [
                0.059000057434954914,
                0.47049279191315835,
                0.47050715065188675
            ],
            [
                0.06147963567623303,
                0.4692530217104886,
                0.46926734261327835
            ],
            [
                0.059027079803578096,
                0.47047928093501423,
                0.4704936392614077
            ],
            [
                0.05571885536439872,
                0.4721333679144693,
                0.47214777672113195
            ]
        ],
        "lambdas": [
            2.893126557050529,
            2.9806049249340276,
            3.753991207615908,
            5.6614224868213165,
            5.2257897709301915,
            7.968599266730359,
            8.43872810385933,
            8.057839224152561,
            8.83567526101016,
            8.829912336765279,
            9.175444546889707,
            8.287849761666147,
            8.40983374647523,
            7.248206708650997,
            8.29196330124384,
            10.270695899596493,
            10.87615724661969,
            11.989831936162556,
            13.125675773108384,
            14.281882013972542,
            14.376445408819382,
            15.38330861078736,
            16.197886322621137,
            18.171633712131307,
            19.364265000436383,
            21.640897225196547,
            22.078670964002377,
            22.031790971797076,
            22.836207519873
        ],
        "betas": [
            15.976180867226248,
            16.903521435286986,
            17.534325485272795,
            18.12465385989575,
            18.518074448387857,
            18.84668055097041,
            19.235700893032583,
            19.58031909288509,
            19.805275059738474,
            20.00746729348121,
            20.278743330545883,
            20.52739828012713,
            20.684960035833356,
            20.90383704786081,
            21.040883382592778,
            21.16913771811646,
            21.289660481513963,
            21.40333110561725,
            21.510887011838513,
            21.612952631599487,
            21.71006137303973,
            21.998501244542634,
            22.088202376873337,
            22.282337871969684,
            22.365337333783188,
            22.494344387256508,
            22.571278087686427,
            22.64536164786363,
            22.69564681763464
        ]
    },
    {
        "T": 204,
        "best_arm": 2,
        "w_s": [
            [
                0.33332994242233116,
                0.33332994242233116,
                0.3333401151553376
            ],
            [
                0.4052412871948354,
                0.1895050582502659,
                0.4052536545548987
            ],
            [
                0.14834307992202728,
                0.42582196231319036,
                0.4258349577647823
            ],
            [
                0.16023833931317275,
                0.4198744233726294,
                0.41988723731419786
            ],
            [
                0.1286398085360989,
                0.4356734476798298,
                0.43568674378407124
            ],
            [
                0.22858252701461967,
                0.38570285095463425,
                0.385714622030746
            ],
            [
                0.2003636097418127,
                0.3998120942944995,
                0.39982429596368785
            ],
            [
                0.1669844417327639,
                0.41650142363229614,
                0.41651413463494
            ],
            [
                0.17626134392518666,
                0.41186304331431156,
                0.4118756127605018
            ],
            [
                0.1731225396184516,
                0.41343242152013726,
                0.4134450388614111
            ],
            [
                0.17590915949901917,
                0.4120391328404004,
                0.41205170766058047
            ],
            [
                0.14896241851284314,
                0.425512297743033,
                0.42552528374412385
            ],
            [
                0.14988973926579321,
                0.4250486444415618,
                0.42506161629264494
            ],
            [
                0.1381736408826701,
                0.4309066042450225,
                0.43091975487230744
            ],
            [
                0.13647024719338008,
                0.4317582880936067,
                0.43177146471301325
            ],
            [
                0.13966707800561873,
                0.43015989707774305,
                0.4301730249166382
            ],
            [
                0.13196376062942064,
                0.43401149699329783,
                0.4340247423772815
            ],
            [
                0.1270612995178091,
                0.43646269014572286,
                0.43647601033646805
            ],
            [
                0.12009935553168635,
                0.4399436090225564,
                0.43995703544575726
            ],
            [
                0.12061886103805486,
                0.4396838602329451,
                0.43969727872900005
            ]
        ],
        "lambdas": [
            0.40901955326421613,
            2.278344640722123,
            2.28119248764125,
            4.288128999574846,
            4.069969026112112,
            6.501872091335247,
            8.257539780503555,
            9.324862644181685,
            12.166394944615448,
            14.793350670269366,
            14.17085309380067,
            14.451987207917643,
            15.556544624199784,
            15.290232699924262,
            17.23150724437577,
            19.268902248456556,
            20.087162435384847,
            20.080434309016958,
            19.898559564363755,
            21.08333615750668,
            22.406154647101467
        ],
        "betas": [
            14.05089000537367,
            15.911642346088676,
            17.093142294562554,
            17.85082799626007,
            18.394695427227354,
            18.971913140780238,
            19.379844341383595,
            19.73398374597131,
            20.04663110924891,
            20.354729237523806,
            20.60956050968375,
            20.81592898215421,
            21.031482608308075,
            21.204016158735865,
            21.39202403470256,
            21.540239979010003,
            21.73457865853504,
            21.86552680878438,
            21.988264701536963,
            22.13182500121396,
            22.203211485646996
        ]
    },
    {
        "T": 171,
        "best_arm": 2,
        "w_s": [
            [
                0.07928011464216471,
                0.46035291803647194,
                0.46036696732136334
            ],
            [
                0.07928011464216471,
                0.46035291803647194,
                0.46036696732136334
            ],
            [
                0.08544754249351084,
                0.4572692511652572,
                0.457283206341232
            ],
            [
                0.07624323410013532,
                0.4618713351375733,
                0.4618854307622914
            ],
            [
                0.09736378160982866,
                0.4513112225221751,
                0.45132499586799624
            ],
            [
                0.09820838837516513,
                0.4508889255834434,
                0.45090268604139144
            ],
            [
                0.10824601986664853,
                0.4458701864199211,
                0.4458837937134304
            ],
            [
                0.08422067577764736,
                0.4578826751627959,
                0.45789664905955674
            ],
            [
                0.08250266002128016,
                0.45874166993335946,
                0.4587556700453604
            ],
            [
                0.08108752348635688,
                0.45944922740402144,
