[
    {
        "T": 279,
        "best_arm": 6,
        "w_s": [
            [
                0.1044064827001236,
                0.12175867673329946,
                0.11225961764927092,
                0.1230280021187291,
                0.10384011344003678,
                0.10947046091353207,
                0.12314316628262022,
                0.10041491707313012,
                0.10167856308925766
            ],
            [
                0.10437509583884114,
                0.12175650406694939,
                0.11200868567177182,
                0.12310727542786203,
                0.10383786055186649,
                0.10925680500140175,
                0.12323045090592195,
                0.10062440207170648,
                0.10180292046373617
            ],
            [
                0.10438501122821174,
                0.12175809130827628,
                0.11209903942674991,
                0.12307689275822788,
                0.1038378197190592,
                0.10933188570626104,
                0.12319688879016517,
                0.10055394615506973,
                0.10176042490797915
            ],
            [
                0.10438424116854675,
                0.1217549058453703,
                0.1120755742434743,
                0.12308188551389576,
                0.1038396976090791,
                0.10931322091781492,
                0.12320270329814272,
                0.10057429089535289,
                0.1017734805083234
            ],
            [
                0.10439052152642424,
                0.1217596925159913,
                0.1121478837013255,
                0.12306009966336923,
                0.10383777265110358,
                0.10937285167831418,
                0.12317887339679962,
                0.10051546320925345,
                0.10173684165413795
            ],
            [
                0.10439671164912497,
                0.12177217996058962,
                0.11227404066262209,
                0.12303276403769514,
                0.10382955597795689,
                0.10947508745990517,
                0.123147006858442,
                0.10040531766561007,
                0.10166733572805384
            ],
            [
                0.10439556784394884,
                0.12174209938384718,
                0.11208320330068366,
                0.1230838783949589,
                0.1038475055123429,
                0.10933124964884106,
                0.12320614359149085,
                0.10054790318027954,
                0.1017624491298724
            ],
            [
                0.10439625859972707,
                0.12175331851117543,
                0.11216602966984253,
                0.12305000514893398,
                0.10384154430766007,
                0.10939003325235379,
                0.12316784937524035,
                0.10050337933814289,
                0.10173158179692388
            ],
            [
                0.10437132868419262,
                0.12177068103728383,
                0.1120654297025467,
                0.12310624297219787,
                0.10382883179389643,
                0.1093006202161008,
                0.12322568108648457,
                0.10056496608846817,
                0.10176621841730862
            ],
            [
                0.10437285603941521,
                0.12176990473469877,
                0.11206579725038746,
                0.1231040571547892,
                0.1038290852547294,
                0.10930243639906613,
                0.12322610232172479,
                0.1005661970310261,
                0.10176356381562818
            ],
            [
                0.10440077479214999,
                0.12174601548759292,
                0.11216462656161996,
                0.1230417029229491,
                0.10384656884388978,
                0.10939050476417077,
                0.12315945039634849,
                0.10051170900359467,
                0.1017386472276843
            ],
            [
                0.10440161367046003,
                0.12174464328564394,
                0.11216425656274487,
                0.12304021261545776,
                0.10384750955292066,
                0.10939051891571518,
                0.12315794922569442,
                0.10051330287566973,
                0.10173999329569354
            ],
            [
                0.10439702008096137,
                0.12177155873275547,
                0.11227334392930709,
                0.12303229440802052,
                0.10382997148785032,
                0.10947465179398087,
                0.12314655276569408,
                0.10040643249050869,
                0.10166817431092162
            ],
            [
                0.10439275484010462,
                0.1217426955489952,
                0.11207122871593406,
                0.1230729228760375,
                0.10384843583454104,
                0.10931480854893713,
                0.12319413470128024,
                0.10058128143936591,
                0.1017817375053875
            ],
            [
                0.10439628910434086,
                0.1217504776642577,
                0.11214796155128767,
                0.12305142097637821,
                0.10384367775414624,
                0.1093751450793129,
                0.12317057381155817,
                0.10052103886009851,
                0.10174341519758798
            ],
            [
                0.10439216816822885,
                0.12175309992435278,
                0.11212804897606894,
                0.12306243818146775,
                0.10384168250967912,
                0.10935828732302945,
                0.12318152283669526,
                0.10053310871590901,
                0.10174964336456871
            ],
            [
                0.10439548768168196,
                0.12175261941877741,
                0.11215345936284939,
                0.12305307472131818,
                0.10384229098744722,
                0.10937937305127798,
                0.12317092962725204,
                0.10051449227986511,
                0.10173827286983479
            ],
            [
                0.10439889281256266,
                0.12174908461550529,
                0.11216538854052253,
                0.123045079490404,
                0.103844462658987,
                0.10939042755384601,
                0.12316285586159093,
                0.10050816084786653,
                0.10173564761871495
            ],
            [
                0.10439588719622346,
                0.12175391478294247,
                0.11216418689027845,
                0.12305134506429537,
                0.10384125358762483,
                0.10938844620419147,
                0.12316939018272023,
                0.10050385029572863,
                0.10173172578861135
            ],
            [
                0.10439607337371186,
                0.12175345048426,
                0.11216509564026342,
                0.1230505861265371,
                0.10384143953805008,
                0.1093892663972181,
                0.12316847614512835,
                0.1005038072485823,
                0.10173180504624885
            ],
            [
                0.10439566358262631,
                0.12175255301381507,
                0.11216404391844541,
                0.12305328048813549,
                0.10384191907042524,
                0.10938776236952885,
                0.1231685903822807,
                0.1005053965218812,
                0.10173079064777624
            ],
            [
                0.10439698284141707,
                0.12175223652430167,
                0.11216632128992049,
                0.12304856795023507,
                0.10384229434358219,
                0.10939050506896365,
                0.12316637729525529,
                0.10050428487149786,
                0.10173242981482672
            ],
            [
                0.1043969635157631,
                0.12175145411011432,
                0.112159304231609,
                0.12304931177841236,
                0.10384316556764277,
                0.10938472371438698,
                0.12316694319040027,
                0.1005111894512598,
                0.1017369444399607
            ],
            [
                0.10440359707596462,
                0.12174138077302493,
                0.11216326576604639,
                0.12303672152312972,
                0.10384974522679145,
                0.10939046630610713,
                0.12315443758678996,
                0.10051715409027731,
                0.10174323165186847
            ],
            [
                0.104394678063778,
                0.12175258198596157,
                0.11216394865886992,
                0.12305235469308086,
                0.1038407424597194,
                0.10938940523162495,
                0.12316893299866967,
                0.10050560279245503,
                0.10173175311030207
            ],
            [
                0.10440023521312981,
                0.12174518897180286,
                0.11215425028840777,
                0.12304585699975587,
                0.10384695994797112,
                0.10938271245103369,
                0.12316411960739952,
                0.10051796942419967,
                0.10174270709629962
            ],
            [
                0.10439642796290077,
                0.12175240194389306,
                0.11216228688026474,
                0.12305065916515143,
                0.10384210374007109,
                0.10938729463914691,
                0.12316868527938818,
                0.10050645202620159,
                0.10173368836298216
            ]
        ],
        "lambdas": [
            0.18677075777082738,
            2.321326151539213,
            2.573334545432343,
            4.026759971194156,
            4.38139528541576,
            3.7011284636148543,
            3.562959042758843,
            5.600810282640318,
            8.388868222172198,
            9.114508491214414,
            7.911355160665773,
            8.637012343028847,
            7.994286487495406,
            8.896352905548799,
            11.483044161781478,
            12.88177354852294,
            12.714608745940643,
            12.844164663718306,
            13.141306080665494,
            13.918441287865926,
            14.504790564650092,
            15.523413040622886,
            16.900851440492325,
            17.404972240971883,
            17.263563589235194,
            17.38350197855598,
            18.49501784238169,
            20.16196232980747
        ],
        "betas": [
            14.34076227683862,
            16.54306833492769,
            17.245208692494305,
            17.695761029955744,
            18.022753742661244,
            18.277080105036077,
            18.483906077708436,
            18.65596852502511,
            18.806395782050892,
            18.93657152687094,
            19.05193357825558,
            19.153772600798543,
            19.246450043800593,
            19.33217247535432,
            19.409769633975205,
            19.48140984077319,
            19.549087436967643,
            19.614314547488917,
            19.672596476983642,
            19.728318962336523,
            19.779980858418813,
            19.82923444927211,
            19.875916696294325,
            19.919887836199468,
            19.962498814365325,
            20.00279063344575,
            20.04101073791301,
            20.07413149596185
        ]
    },
    {
        "T": 216,
        "best_arm": 6,
        "w_s": [
            [
                0.10436658043524334,
                0.12175700762020938,
                0.11195225389076939,
                0.12312501910174331,
                0.10383657541273371,
                0.10920711935374185,
                0.12324969039601229,
                0.10067380516182396,
                0.10183194862506709
            ],
            [
                0.10438493646302899,
                0.12175357846235416,
                0.11207471017559963,
                0.12308054551345068,
                0.1038405681440253,
                0.10931274268778322,
                0.12320136254564248,
                0.10057644247508342,
                0.10177511353303219
            ],
            [
                0.10437376763780763,
                0.12175664443587092,
                0.11199791930802501,
                0.12311182075055464,
                0.10383761462001166,
                0.10924807210092627,
                0.12323544211137379,
                0.10063153727590247,
                0.10180718175952766
            ],
            [
                0.1043729672833573,
                0.12175601162434596,
                0.11198851204872833,
                0.12311433545498889,
                0.10383790107676212,
                0.10924028361454262,
                0.123238269671332,
                0.10063958876598952,
                0.10181213045995334
            ],
            [
                0.10437238119026773,
                0.12175543552994048,
                0.11198101629448061,
                0.12311611515714697,
                0.10383818294547917,
                0.10923404178666378,
                0.12324028937657705,
                0.10064627365784674,
                0.10181626406156094
            ],
            [
                0.10437415539046592,
                0.12175672884179764,
                0.11200130561047997,
                0.1231106894891476,
                0.10383760690681151,
                0.1092509334138921,
                0.12323413722243229,
                0.10062888295508007,
                0.10180556016977713
            ],
            [
                0.10437354593277193,
                0.12175655438072802,
                0.11199570161100807,
                0.12311248565792736,
                0.10383764351509339,
                0.10924622045150802,
                0.12323618117444092,
                0.10063337090433448,
                0.10180829637218763
            ],
            [
                0.10437287150204558,
                0.12175598204291176,
                0.11198793386492892,
                0.12311445885284472,
                0.10383790452129145,
                0.10923981800255331,
                0.12323846157930127,
                0.1006401043454517,
                0.10181246528856427
            ],
            [
                0.10437301381062355,
                0.1217560745144351,
                0.11198916512034841,
                0.12311417412733848,
                0.1038378710653033,
                0.10924081559962484,
                0.12323808628307434,
                0.10063902009133759,
                0.10181177938791433
            ],
            [
                0.10437352877283462,
                0.12175653234278337,
                0.11199549439650637,
                0.1231125492208986,
                0.10383764855557734,
                0.10924605715813021,
                0.12323624951848731,
                0.10063353936033165,
                0.10180840067445063
            ],
            [
                0.10437430744524206,
                0.12175687084716548,
                0.11200263069720309,
                0.12310976094393407,
                0.10383758567739237,
                0.10925225252631271,
                0.12323388575291899,
                0.10062780630314849,
                0.10180489980781368
            ],
            [
                0.10437447661402481,
                0.12175702332873041,
                0.11200581874639365,
                0.12310916315405072,
                0.10383748327115387,
                0.10925446306994036,
                0.12323247586903953,
                0.1006255770100737,
                0.10180351893659294
            ],
            [
                0.10437445344532705,
                0.121769778386659,
                0.1120681910175654,
                0.12310142284445051,
                0.10383035379118158,
                0.10930549653982578,
                0.12322237731626814,
                0.10056428442322307,
                0.10176364223592813
            ],
            [
                0.10438848502694664,
                0.12175260058675504,
                0.11209983783773514,
                0.12307003961525807,
                0.10384148398467716,
                0.1093337142879705,
                0.12318990155134851,
                0.10055901164848718,
                0.10176492546082185
            ],
            [
                0.10437635586420375,
                0.12177299067503267,
                0.11210183619855112,
                0.12309456957306482,
                0.1038279464741062,
                0.1093316379175463,
                0.12321488313597855,
                0.10053473174339193,
                0.10174504841812454
            ],
            [
                0.1043787989489605,
                0.12176856151667878,
                0.11209020777656616,
                0.12309224973584165,
                0.10383148544684324,
                0.10932353834323565,
                0.1232124682151027,
                0.10054816317767601,
                0.10175452683150221
            ],
            [
                0.10439693486146541,
                0.12174701042789118,
                0.11213567782070369,
                0.12305269083041313,
                0.10384587510848516,
                0.10936610512285463,
                0.12317141977510064,
                0.10053300602949157,
                0.10175128002359463
            ],
            [
                0.10439172686813511,
                0.1217484254574988,
                0.11216407863163408,
                0.1230522302449685,
                0.1038337685422523,
                0.10938480605516755,
                0.12317321577602267,
                0.10051365567298622,
                0.10173809274708201
            ],
            [
                0.10437479204756551,
                0.12177539331528849,
                0.11209979050811378,
                0.12309823080001513,
                0.10382645604435713,
                0.10932914584187689,
                0.12321851253029228,
                0.1005338637161319,
                0.10174381519660948
            ],
            [
                0.10438240070508664,
                0.12176636575498673,
                0.11211674140991712,
                0.12308188859709229,
                0.10383257176383236,
                0.1093457179096586,
                0.12320157362612905,
                0.10052916775208781,
                0.10174357248120944
            ],
            [
                0.10438237146722892,
                0.12176640546107526,
                0.1121167083126658,
                0.1230819470096342,
                0.10383254457835057,
                0.10934568074908312,
                0.12320163357235164,
                0.10052915507869012,
                0.10174355377092034
            ]
        ],
        "lambdas": [
            4.0430506044707375,
            2.0206783564663673,
            4.327272830912034,
            6.844062008793209,
            9.704853772018964,
            7.999435416467103,
            10.76394650085275,
            14.059899689572934,
            15.364028520007848,
            15.24702619283203,
            14.355541000036933,
            14.346308413848229,
            12.075251790840994,
            12.319999239362765,
            12.44597594620569,
            13.651246754888447,
            13.561459208327385,
            15.702880694932404,
            15.83394896851928,
            16.42784746191903,
            17.226305887337382,
            20.23733890739269
        ],
        "betas": [
            15.075991537867361,
            16.54306833492769,
            17.20758832033289,
            17.659571316178624,
            17.988060873786168,
            18.243688118426718,
            18.467961188634888,
            18.64020041802283,
            18.782466957888833,
            18.912567615946557,
            19.03260611492213,
            19.139466534423008,
            19.240995922882167,
            19.330916274485755,
            19.410846771092945,
            19.484210108371713,
            19.551534841251776,
            19.614314547488917,
            19.673091690438437,
            19.728318962336523,
            19.77946998158886,
            19.809376187758264
        ]
    },
    {
        "T": 377,
        "best_arm": 6,
        "w_s": [
            [
                0.10443537480133379,
                0.1217375941728036,
                0.11236276760846807,
                0.12297312069577426,
                0.1038571612875644,
                0.10956616105205558,
                0.12308503164785085,
                0.10034077814107809,
                0.10164201059307101
            ],
            [
                0.10440730562870539,
                0.12176147188978867,
                0.1122788132611382,
                0.1230250434453355,
                0.1038385803161269,
                0.1094862905047413,
                0.12313965248544274,
                0.10039611391145546,
                0.10166672855726579
            ],
            [
                0.10440443080492733,
                0.12175818252734462,
                0.1122381069660698,
                0.12303610706729982,
                0.1038402624607891,
                0.10945314609779765,
                0.12315210486675988,
                0.10042990343570884,
                0.10168775577330297
            ],
            [
                0.10440665572163074,
                0.12175968365412664,
                0.11226584738619494,
                0.12302705723614868,
                0.1038395386496528,
                0.10947554052081696,
                0.1231420500526072,
                0.10040888715044102,
                0.10167473962838096
            ],
            [
                0.10440521609805993,
                0.1217607243728841,
                0.1122583467579614,
                0.12303104312254767,
                0.10383881982636702,
                0.1094692250381981,
                0.12314630005062341,
                0.1004132171246964,
                0.10167710760866197
            ],
            [
                0.10440643617820722,
                0.12175870442254366,
                0.1122583059823852,
                0.1230285266191101,
                0.10384014756094875,
                0.10946948262667101,
                0.12314368628203261,
                0.10041565652617422,
                0.10167905380192717
            ],
            [
                0.10440520100911818,
                0.1217606699657452,
                0.11225842006136184,
                0.12303109277576801,
                0.10383885035901814,
                0.10946920918164978,
                0.12314629930283041,
                0.10041320284555348,
                0.101677054498955
            ],
            [
                0.10440678322827784,
                0.12176056920973673,
                0.11227093551228991,
                0.12302645331763265,
                0.10383903527495271,
                0.10947969325569581,
                0.12314128986416947,
                0.1004037698560969,
                0.10167147048114795
            ],
            [
                0.1044066911203806,
                0.12175810862035873,
                0.11225794983765297,
                0.12302788320940732,
                0.10384053624897839,
                0.10946931071709133,
                0.12314315652630442,
                0.10041658551875836,
                0.10167977820106786
            ],
            [
                0.10440403023991898,
                0.12176055544804486,
                0.11224746892759355,
                0.12303500391338927,
                0.10383878838892542,
                0.1094602976112647,
                0.12315070563696161,
                0.1004212148591453,
                0.1016819349747561
            ],
            [
                0.10440392090384153,
                0.12176003626612025,
                0.11224404662463916,
                0.1230356719157208,
                0.10383909677394239,
                0.10945751582607512,
                0.12315144487163679,
                0.10042434370092007,
                0.10168392311710388
            ],
            [
                0.10440608769666458,
                0.12175921739988428,
                0.11225870503487623,
                0.12302909047533861,
                0.10383977759565645,
                0.10946967367930942,
                0.12314434269577082,
                0.10041474439081537,
                0.10167836103168415
            ],
            [
                0.10440646700528138,
                0.12175884815591657,
                0.11226018948562924,
                0.1230279553116242,
                0.10384003585508549,
                0.10947093321731499,
                0.12314311161203499,
                0.10041428801202196,
                0.10167817134509126
            ],
            [
                0.1044064592354238,
                0.12175893778753957,
                0.11226047544605229,
                0.12302791410028173,
                0.10383999764751144,
                0.10947116025855434,
                0.12314307411147464,
                0.10041400038902405,
                0.10167798102413815
            ],
            [
                0.10440646536451642,
                0.12175877725272176,
                0.1122598509926303,
                0.12302797693378376,
                0.10384008629276767,
                0.1094706846184253,
                0.12314313859425542,
                0.10041461095192436,
                0.10167840899897503
            ],
            [
                0.10440654992715276,
                0.12175849002973389,
                0.11225898839019655,
                0.12302797009088313,
                0.1038402680777168,
                0.10947001057601814,
                0.1231432372129235,
                0.1004154850269072,
                0.10167900066846791
            ],
            [
                0.10440515652853914,
                0.12176070114997666,
                0.11225829608136212,
                0.12303118687504573,
                0.10383880618101704,
                0.10946915754983644,
                0.12314635865609985,
                0.1004132017395897,
                0.10167713523853306
            ],
            [
                0.1044044109718934,
                0.12176143728671945,
                0.11225417397794298,
                0.12303324519015416,
                0.10383869580966625,
                0.1094655332343125,
                0.12314860965393866,
                0.10041562577372432,
                0.1016782680976366
            ],
            [
                0.10440422323596688,
                0.12175831959057015,
                0.11223697236189721,
                0.12303644685547535,
                0.10384016960864223,
                0.10945212833956341,
                0.12315253070330127,
                0.1004308906593994,
                0.10168831864518411
            ],
            [
                0.1043684305822272,
                0.121759894514775,
                0.1120162978685132,
                0.12311448479370751,
                0.10383738386340896,
                0.10926482263750051,
                0.12323501581155766,
                0.10061097841219965,
                0.10179269151284595
            ],
            [
                0.10437462823500877,
                0.12173618571951245,
                0.11189272506953428,
                0.12317147032524295,
                0.10384441407354082,
                0.10918158083756557,
                0.12330390762861865,
                0.10066315701039578,
                0.10183193110058074
            ],
            [
                0.10437527479715772,
                0.1217482147956392,
                0.11195571770455465,
                0.12313103376440446,
                0.10384188146545321,
                0.10922075609017412,
                0.12325761217410057,
                0.10064897916814249,
                0.1018205300403736
            ],
            [
                0.10437324729047967,
                0.12175844125109936,
                0.11200083644555221,
                0.12312021489165313,
                0.10383612267243493,
                0.10925324016580823,
                0.12324532882033126,
                0.10061504677763361,
                0.10179752168717415
            ],
            [
                0.10440568576913623,
                0.12173711703409418,
                0.11215330201383646,
                0.12304622967882096,
                0.10385351008796459,
                0.1093855842326161,
                0.12316350274139898,
                0.1005124118908014,
                0.10174265656418234
            ],
            [
                0.10437062066751703,
                0.12176206635287397,
                0.11199320278624714,
                0.12312679111361054,
                0.10383369473789811,
                0.10924612831441548,
                0.12325174339565009,
                0.10061766644832565,
                0.10179808618601942
            ],
            [
                0.10440731287277218,
                0.12175603055000668,
                0.1122788873523606,
                0.12301363226908589,
                0.10383793942837005,
                0.10948542713912736,
                0.12312061420202595,
                0.10042194203116232,
                0.10167821415277489
            ],
            [
                0.10439783122804729,
                0.12174736422397016,
                0.11213257755315646,
                0.12305393596904012,
                0.10384742366298219,
                0.10936406262626266,
                0.12317345645556166,
                0.10053057962585721,
                0.10175276866137947
            ],
            [
                0.10439686865566516,
                0.12175142844897634,
                0.11216106396144415,
                0.12304947649216631,
                0.10384271726726504,
                0.10938647994234704,
                0.12316837228311067,
                0.10050822803034389,
                0.10173536491900724
            ],
            [
                0.10438905585287762,
                0.12175003428019313,
                0.11208475348720474,
                0.12308028511725497,
                0.10384274870788121,
                0.10932622030548336,
                0.12320088967431929,
                0.100559635964626,
                0.10176637660569897
            ],
            [
                0.10439965906877802,
                0.1217657043259321,
                0.11226404194890427,
                0.12302872573500871,
                0.10383388781928814,
                0.1094682710022466,
                0.123143212723829,
                0.1004190881481352,
                0.1016774092278779
            ],
            [
                0.10437371320469038,
                0.12175081154810173,
                0.11195939963662659,
                0.123133618605367,
                0.10383968801196387,
                0.109222520400599,
                0.12325983531469939,
                0.10064384611597516,
                0.101816567160876
            ],
            [
                0.10436389823728505,
                0.1217515784934122,
                0.11187823507387792,
                0.12317539205414296,
                0.1038370468143478,
                0.10915991727765899,
                0.12330626923761959,
                0.10068593162113074,
                0.10184173119052498
            ],
            [
                0.10436378980361433,
                0.12175153107917658,
                0.11187714313110199,
                0.12317597963015574,
                0.10383702575802811,
                0.10915910051701405,
                0.12330692554524833,
                0.10068645298012643,
                0.10184205155553457
            ],
            [
                0.10434973931241787,
                0.12173629489521287,
                0.11171907584012147,
                0.12327031106800623,
                0.10383425541530152,
                0.1090460390481954,
                0.12341313034365156,
                0.10074965897073336,
                0.10188149510635977
            ],
            [
                0.10436754652365238,
                0.12173559375082149,
                0.11182694061238221,
                0.1232035198358578,
                0.10384310522293769,
                0.1091307180692913,
                0.12333919288062054,
                0.10069940847579828,
                0.1018539746286383
            ],
            [
                0.10439185673746741,
                0.1217354277412955,
                0.1120217531614882,
                0.12310351711150509,
                0.1038502471160385,
                0.10928326471849595,
                0.12322918942543759,
                0.10059338916468344,
                0.10179135482513545
            ],
            [
                0.10437844544338792,
                0.1217376764363651,
                0.11192784580638633,
                0.12315333327415776,
                0.10384520069308924,
                0.10920848750168179,
                0.1232836021788305,
                0.10064460362425244,
                0.10182080504184891
            ]
        ],
        "lambdas": [
            0.11906639630034163,
            0.4201082098215288,
            1.3318751607705728,
            0.9856947183278768,
            1.782749041072004,
            1.9348392174902087,
            2.5014861376052604,
            1.8440342824797575,
            2.8121706602919554,
            3.9469574482486913,
            4.421474191902373,
            3.9728174057676098,
            3.697577444032904,
            3.937340909846982,
            4.3251864569772085,
            4.792615276309542,
            6.084984463750571,
            6.846191601629364,
            8.36922856657407,
            11.623892702613105,
            11.130665288564797,
            12.606934967129561,
            13.311387785191817,
            11.904218195592346,
            14.436504298037264,
            16.193981127098187,
            17.690819715532726,
            19.08803018306821,
            18.64712340630587,
            18.44909604601218,
            17.784336174421647,
            18.027483636461426,
            18.590507789156213,
            18.63486743925981,
            18.683911647827895,
            18.686899561348973,
            19.52893857813078,
            20.66502596554317
        ],
        "betas": [
            15.075991537867361,
            16.55498352560415,
            17.249787502923127,
            17.688663996085456,
            18.022753742661244,
            18.277080105036077,
            18.484562030811396,
            18.65596852502511,
            18.80340806751106,
            18.932142690326813,
            19.050028882469743,
            19.154753189673905,
            19.24842060960865,
            19.33384309428882,
            19.412279739597757,
            19.485037104778996,
            19.552257902904586,
            19.614712862076086,
            19.673657090098565,
            19.728318962336523,
            19.78037786554943,
            19.829848528478706,
            19.876473500076706,
            19.92077544615075,
            19.962962301059594,
            20.003322095383325,
            20.041695878343127,
            20.07839302890636,
            20.11388423123909,
            20.147933080492585,
            20.180575927051905,
            20.21181176396921,
            20.242244154909166,
            20.27157199558584,
            20.299797027544493,
            20.327156845841873,
            20.353565819707796,
            20.37157173505804
        ]
    },
    {
        "T": 250,
        "best_arm": 6,
        "w_s": [
            [
                0.10476826106897935,
                0.12157415171634159,
                0.11373193427427761,
                0.12239322982602414,
                0.10402174212161606,
                0.1108289416453182,
                0.12246484147737885,
                0.0991822775747093,
                0.10103462029535516
            ],
            [
                0.10452226340028695,
                0.1216313113370068,
                0.11178948460208904,
                0.1232037910711937,
                0.10397476748475326,
                0.1092263680202119,
                0.12335097957073703,
                0.10048675292067966,
                0.10181428159305682
            ],
            [
                0.10440706806263207,
                0.1217514792425665,
                0.11222382182135777,
                0.12303352174099752,
                0.10384470714422231,
                0.10944300622536669,
                0.1231499824910617,
                0.10044667368917791,
                0.10169973958261735
            ],
            [
                0.10435571511269791,
                0.12173836192579293,
                0.11174895994695279,
                0.12324692807866162,
                0.10383808989113202,
                0.10906890053705329,
                0.12338678321050328,
                0.10073953798278024,
                0.10187672331442607
            ],
            [
                0.1043920384756203,
                0.12173743469945793,
                0.11203971433471736,
                0.12310170638782847,
                0.10384819819433422,
                0.10929761594771599,
                0.12322676535550114,
                0.10057631612155553,
                0.10178021048326916
            ],
            [
                0.10435936556380888,
                0.12173922789986877,
                0.11177198259010235,
                0.12323242901998921,
                0.1038398683091535,
                0.1090867039229065,
                0.12337060093171523,
                0.10072893066071743,
                0.10187089110173818
            ],
            [
                0.1043728692032378,
                0.12175329101707125,
                0.11197857030329533,
                0.12312976122314422,
                0.10383665416828532,
                0.10923751166662783,
                0.12325285510396213,
                0.10063163602185057,
                0.10180685129300543
            ],
            [
                0.10440657332674458,
                0.12175839155645186,
                0.11225869328976394,
                0.12302795509450608,
                0.1038403374894247,
                0.109469834115387,
                0.12314320287809301,
                0.10041580724959255,
                0.10167920500003601
            ],
            [
                0.10440666587096001,
                0.12175931959131943,
                0.11226413790425968,
                0.12302720371467589,
                0.10383975369797206,
                0.10947418060320868,
                0.12314219613764825,
                0.10041066092410515,
                0.10167588155585083
            ],
            [
                0.1044064543756484,
                0.12175894463211047,
                0.11226077785320125,
                0.12302790491886356,
