[
    {
        "T": 430,
        "best_arm": 5,
        "w_s": [
            [
                0.14188363518351294,
                0.1165167802948746,
                0.1487076228524458,
                0.11593510268976216,
                0.0998230319495536,
                0.08196416481028349,
                0.09332314277024258,
                0.1152988129313838,
                0.08654770651607271
            ],
            [
                0.1409989886530925,
                0.11748844909844919,
                0.14711587769402834,
                0.11693052345542074,
                0.10085900356374042,
                0.0803657461628553,
                0.093864836389081,
                0.11632277772258552,
                0.08605379726074473
            ],
            [
                0.14148925217977845,
                0.11699940638951935,
                0.14787708791635437,
                0.11642559921878406,
                0.10025912833566913,
                0.08129585289229173,
                0.09353203884693508,
                0.11580126769303521,
                0.08632036652763074
            ],
            [
                0.13994483008659453,
                0.11876256929754969,
                0.1451985903051926,
                0.1182293074226521,
                0.1020253993665961,
                0.07843698789801563,
                0.09438708743537949,
                0.1176466743754932,
                0.08536855383480418
            ],
            [
                0.13999146751239866,
                0.11876964225083256,
                0.14521706653619262,
                0.1182314953642127,
                0.10187392502952305,
                0.07868387849991607,
                0.094233092461152,
                0.11764339704738236,
                0.08535603529838989
            ],
            [
                0.14069082197660113,
                0.11797311850627562,
                0.14642557360313185,
                0.1174175281607653,
                0.10110923559308042,
                0.07990142327496966,
                0.09388303979093524,
                0.11681144626591229,
                0.0857878128283285
            ],
            [
                0.14011207231462017,
                0.1185823779885231,
                0.14551037777173803,
                0.11804353851966867,
                0.10175887518684956,
                0.07887643252384352,
                0.0942070401550511,
                0.11745423412122732,
                0.08545505142425885
            ],
            [
                0.13953912226800883,
                0.11957272641299128,
                0.14398416552730173,
                0.11903350780566202,
                0.10234536957145138,
                0.0778168444932731,
                0.09433464937590802,
                0.11844978924125941,
                0.08492382530875668
            ],
            [
                0.14006928204451477,
                0.11864134926473378,
                0.1454188193501268,
                0.11810654370945667,
                0.10179632769987795,
                0.07881553915957962,
                0.0942181110355536,
                0.11751339575020134,
                0.08542063197943069
            ],
            [
                0.14125751547326848,
                0.11737866061539919,
                0.14740431785305447,
                0.11679865097424684,
                0.10046167499711664,
                0.08090989633991373,
                0.0935315372983249,
                0.11617882690618628,
                0.08607891954981142
            ],
            [
                0.1417870674685783,
                0.11663662109569908,
                0.14858265620757072,
                0.11604834153591229,
                0.0998700479672764,
                0.08186218420436671,
                0.09331853630958895,
                0.11541123249261936,
                0.08648331270433413
            ],
            [
                0.14152611227741752,
                0.1170686330864897,
                0.14790110450011762,
                0.11649068418576601,
                0.10014825645864264,
                0.08140230398083834,
                0.0933728467699174,
                0.11586182254258579,
                0.0862282362036396
            ],
            [
                0.14164315074565903,
                0.11688961592197782,
                0.14819301912399094,
                0.1163109804433365,
                0.10004572211774677,
                0.08157139710503133,
                0.09335093999212617,
                0.11568169030416041,
                0.0863134842545607
            ],
            [
                0.1412725929880292,
                0.11734120413364242,
                0.1474590276825486,
                0.11677133482968831,
                0.10044312782705103,
                0.0809431500188822,
                0.09353019923152776,
                0.11614925833811116,
                0.08609010495966074
            ],
            [
                0.14157523473943662,
                0.11701981951733349,
                0.14797463641411657,
                0.11644053695665774,
                0.1000901102056079,
                0.08149169525276119,
                0.0933414844162726,
                0.11581005803318886,
                0.08625642443302957
            ],
            [
                0.14127363764644468,
                0.1173385997177447,
                0.14746757779622163,
                0.11676648509911211,
                0.10044173823702442,
                0.08094583124424001,
                0.09352887531544445,
                0.11614633006763732,
                0.08609092488200126
            ],
            [
                0.14163455772318415,
                0.11686361765910175,
                0.14825402855208317,
                0.11628552734268507,
                0.10002605277728642,
                0.08161084948538366,
                0.09334019397055993,
                0.11565651589329344,
                0.08632865659642225
            ],
            [
                0.14163011958008329,
                0.11687689368903267,
                0.14824002189166427,
                0.11629891026861275,
                0.10003428439600298,
                0.08159142580360428,
                0.09334071524525381,
                0.11566999956991861,
                0.08631762955582731
            ],
            [
                0.14158048575064372,
                0.11691947134820065,
                0.14812704696912893,
                0.1163425122074479,
                0.10008268123577116,
                0.08155637561767917,
                0.09336912950622461,
                0.11571467181456009,
                0.08630762555000258
            ],
            [
                0.14159349497602763,
                0.11695413661670746,
                0.14808672570965942,
                0.11637621488356635,
                0.10009885418050926,
                0.08148981153385862,
                0.09337178004072401,
                0.11574762005225218,
                0.08628136201323088
            ],
            [
                0.14166643006721918,
                0.11686893211945751,
                0.1482246137136795,
                0.11629005362102797,
                0.1000295957920304,
                0.08158962326179427,
                0.09334662731375006,
                0.11565999352192338,
                0.08632413057990462
            ],
            [
                0.14164739844074445,
                0.1168287131171616,
                0.14826327082063867,
                0.11625232332136806,
                0.10001991745937573,
                0.08165447661019062,
                0.09335314063224245,
                0.11562195036504976,
                0.08635880922925153
            ],
            [
                0.14173213024237613,
                0.11673154684183303,
                0.14843424016237086,
                0.1161521838202668,
                0.09994735825727831,
                0.081746932450393,
                0.09332906989725316,
                0.11552228632586133,
                0.08640425200100348
            ],
            [
                0.14164756568767048,
                0.11682773800633538,
                0.1482942312878574,
                0.11624936590671843,
                0.10000424507810214,
                0.08166047723187458,
                0.0933389601493728,
                0.1156200946752771,
                0.0863573219767918
            ],
            [
                0.14170367430727449,
                0.1167675991989902,
                0.14832668980961508,
                0.11618660292746578,
                0.09995125331173092,
                0.08175229035692239,
                0.09333648790289333,
                0.11555500454017124,
                0.08642039763966683
            ],
            [
                0.14163590755853958,
                0.11687964945115696,
                0.14824353016131075,
                0.11630163106811983,
                0.10003574084847837,
                0.08158041911524161,
                0.09333947300615544,
                0.11567269526527742,
                0.08631095352572007
            ],
            [
                0.14164327814482439,
                0.11684003435856166,
                0.14828045837179119,
                0.11626174737472424,
                0.10001146798452773,
                0.08164382307467594,
                0.09333914255156978,
                0.11563255682253559,
                0.08634749131678943
            ],
            [
                0.14165720482347485,
                0.11679210140735345,
                0.1483327526122125,
                0.11621357443575434,
                0.09998633883580693,
                0.08170556459228379,
                0.09334159939758868,
                0.1155841943623033,
                0.08638666953322234
            ],
            [
                0.1416533936832925,
                0.11682045456684355,
                0.14827794323606144,
                0.11624102664261679,
                0.10001371501219981,
                0.08166519898500951,
                0.09335256795851055,
                0.11561164508492948,
                0.08636405482215306
            ],
            [
                0.14160672635069613,
                0.1169234095562437,
                0.1481358768125567,
                0.11634568170815052,
                0.10007373815683564,
                0.08153923657245647,
                0.0933607249532824,
                0.11571677433532043,
                0.0862978315644449
            ],
            [
                0.1416804544856733,
                0.11678100162200118,
                0.14833600022782534,
                0.11619985325561752,
                0.09998858876109327,
                0.08170884844130244,
                0.09334584220708403,
                0.11557113675178925,
                0.08638827424179789
            ],
            [
                0.14158379867522908,
                0.11693036863917942,
                0.14811909556861902,
                0.11635319527860206,
                0.10008335471143624,
                0.08154363822018086,
                0.09336428902616371,
                0.11572510306705189,
                0.08629715681353779
            ],
            [
                0.1415144490193742,
                0.11707964149750917,
                0.14788383119202153,
                0.11650241265592597,
                0.10016296157065009,
                0.0813800785637097,
                0.09338074848371158,
                0.11587400999335354,
                0.08622186702374425
            ],
            [
                0.14164831143634452,
                0.11688465288567532,
                0.14820109769974954,
                0.1163059496422789,
                0.10004174625237745,
                0.08157635085148474,
                0.09334934614052746,
                0.11567649945319074,
                0.08631604563790596
            ],
            [
                0.14153087522713115,
                0.11702555912987446,
                0.14796748704625667,
                0.11645111954522959,
                0.10015586862919978,
                0.0814051663708993,
                0.09339602464613204,
                0.11582295775152454,
                0.08624494165394364
            ],
            [
                0.14150489597508537,
                0.11708804813824858,
                0.14787242179142765,
                0.11651080601090627,
                0.10017289379200953,
                0.08136498039027648,
                0.093386648292681,
                0.1158825895192202,
                0.08621671606994014
            ],
            [
                0.14147074517912578,
                0.11711718229207721,
                0.14783380532250928,
                0.11654167180626333,
                0.10021755043189993,
                0.08129788666748056,
                0.0934105616362745,
                0.11591513083598075,
                0.08619546582838872
            ],
            [
                0.14161861360986702,
                0.11691735049707151,
                0.14815475905737707,
                0.11633923029382062,
                0.1000594972234434,
                0.08155421248238388,
                0.09334888258886775,
                0.11571007947576349,
                0.08629737476951156
            ],
            [
                0.14161236160116975,
                0.116878666774893,
                0.14819382126874472,
                0.1162995032493069,
                0.10005340470945027,
                0.08159730934051442,
                0.0933605632390365,
                0.1156733722218446,
                0.08633099758855414
            ],
            [
                0.14176038083393577,
                0.1166735708069285,
                0.14849052710320718,
                0.11609620087585455,
                0.09991644337917566,
                0.08182001411271442,
                0.09333379044981946,
                0.11546311223038308,
                0.08644596021081191
            ],
            [
                0.1416562264090601,
                0.11679691110404106,
                0.1483276906515824,
                0.11621838828009741,
                0.09998838058985134,
                0.08169992130961364,
                0.0933408528677223,
                0.11558901311126202,
                0.08638261567676968
            ],
            [
                0.1416586230649478,
                0.11678157239059186,
                0.14834344715790365,
                0.11620305422211298,
                0.09998261875622114,
                0.0817171406568666,
                0.0933440386154808,
                0.11557369922301437,
                0.08639580591286074
            ],
            [
                0.14171322327460417,
                0.11672740670723288,
                0.14839354974482594,
                0.11615058311089023,
                0.0999279377912487,
                0.08179993220030242,
                0.0933300125695889,
                0.11552089613843484,
                0.08643645846021378
            ]
        ],
        "lambdas": [
            0.4905112683263644,
            0.02959278550472258,
            0.09157110854777022,
            0.22650359665497052,
            0.8919756347182058,
            1.4798276446604843,
            1.3517921334823,
            1.1039038256809617,
            1.668237352294057,
            2.930556919492325,
            4.600992023386776,
            4.084754955057476,
            4.9057804387949675,
            4.39979556883042,
            5.059227644580956,
            5.089410826487042,
            7.291946111225894,
            7.6561186133212615,
            7.51890224122748,
            7.315630220946869,
            7.77759439331092,
            8.895171030359704,
            9.656411934505297,
            10.537081516740548,
            12.38765191294112,
            10.98462219921556,
            11.772530791757147,
            12.69009219011804,
            11.77804053223474,
            11.41382890785466,
            12.668708437662366,
            12.590407187203008,
            11.311753212315974,
            12.797749989269656,
            12.710401623756551,
            12.368827656323058,
            13.043706550957209,
            14.573003157342002,
            15.656987894181192,
            16.60196564001604,
            18.53390170726639,
            19.289274706588856,
            20.76752497451491,
            20.76752497451491
        ],
        "betas": [
            15.075991537867361,
            16.54306833492769,
            17.23131026453047,
            17.688663996085456,
            18.01851005929307,
            18.262971701942966,
            18.460520492269715,
            18.645665130878367,
            18.797388903386285,
            18.929469733376607,
            19.048357243671884,
            19.152397002850897,
            19.24842060960865,
            19.33217247535432,
            19.409769633975205,
            19.482552400330285,
            19.547905146721025,
            19.609913669614127,
            19.669188374846687,
            19.72578743201753,
            19.778105221858425,
            19.826770908054343,
            19.874382403645832,
            19.91751338761715,
            19.959980953572206,
            20.000481202086156,
            20.03917915008531,
            20.07673410392764,
            20.112628305533168,
            20.14627441396361,
            20.179394546470203,
            20.211204593150192,
            20.241571500576292,
            20.27088284164156,
            20.298965142943878,
            20.32581765538135,
            20.35238630463839,
            20.377835888435886,
            20.402817792762637,
            20.42756153249265,
            20.451281400466073,
            20.47373960489646,
            20.495992467173103,
            20.495992467173103
        ]
    },
    {
        "T": 94,
        "best_arm": 5,
        "w_s": [
            [
                0.14154974591455216,
                0.11700346689499015,
                0.1480064889426007,
                0.11642621707652634,
                0.10013859225035372,
                0.08143162190771441,
                0.09338737372715271,
                0.11579906995391484,
                0.08625742334132916
            ],
            [
                0.14221108441883198,
                0.1156923832899137,
                0.15007176955398807,
                0.11504385482878705,
                0.09955554574966832,
                0.08260619724634694,
                0.09341219896219519,
                0.11439875152917181,
                0.08700821438443017
            ],
            [
                0.1422401088508463,
                0.11554603578240842,
                0.15022215609369272,
                0.11497191172029653,
                0.09952012148197117,
                0.08269707443126936,
                0.09341237237687772,
                0.11435076886253688,
                0.08703945040267647
            ],
            [
                0.142219192329087,
                0.11559479640044067,
                0.1501450505428109,
                0.1150186229425791,
                0.09954314340553246,
                0.08265206917022552,
                0.09341443666262794,
                0.1143970821924915,
                0.08701560635663798
            ],
            [
                0.14226407193023285,
                0.11550204437285713,
                0.1502882333972942,
                0.11492819934865826,
                0.09949563854517822,
                0.08274374754255774,
                0.0934080494428907,
                0.11430734459807354,
                0.08706267082386719
            ],
            [
                0.14223357416390695,
                0.11555787220927288,
                0.15020191554011705,
                0.1149858977327454,
                0.09952607979301024,
                0.08268351346086385,
                0.09341327130748066,
                0.11436523629669593,
                0.08703263949919368
            ],
            [
                0.142245636761015,
                0.11553280158632645,
                0.15024118702863518,
                0.11495771372057494,
                0.09951546555728143,
                0.08271129401591049,
                0.0934111975796585,
                0.1143375273225223,
                0.08704717642981921
            ],
            [
                0.14221865361013508,
                0.11559331106831094,
                0.15014392146979333,
                0.11501995801922982,
                0.0995434473579691,
                0.08265028842363296,
                0.09341598194795407,
                0.11439916011865887,
                0.08701527798778289
            ],
            [
                0.14223294579597306,
                0.1155138776058961,
                0.15025874890452165,
                0.11496345991754095,
                0.09950266142071347,
                0.08271287798226881,
                0.09342515271954452,
                0.11434395035874921,
                0.08704632530579637
            ]
        ],
        "lambdas": [
            0.3651315469547108,
            2.9790288532923754,
            5.617129209373654,
            6.6666303891253005,
            10.466923533544906,
            10.863669445285968,
            13.60473919167557,
            13.29488750993697,
            17.498906566301724,
            18.88183687033063
        ],
        "betas": [
            15.14155941921932,
            16.54306833492769,
            17.245208692494305,
            17.695761029955744,
            18.011379445764014,
            18.27428204712608,
            18.483906077708436,
            18.65596852502511,
            18.805277084012634,
            18.855377361738483
        ]
    },
    {
        "T": 390,
        "best_arm": 5,
        "w_s": [
            [
                0.14151305338729556,
                0.11702340829330618,
                0.14791238944803764,
                0.1164482524851624,
                0.10022715259990007,
                0.08128755499147414,
                0.09348463300477793,
                0.11582237102832416,
                0.08628118476172189
            ],
            [
                0.1415121879909439,
                0.11699418652594047,
                0.14790608509012998,
                0.1164195473235945,
                0.10023275770952983,
                0.08132011205073564,
                0.09350683107505346,
                0.11579430395423805,
                0.08631398827983414
            ],
            [
                0.14219107535911538,
                0.11570753721981263,
                0.1499498844837176,
                0.11513361479181136,
                0.09958382477125342,
                0.082552603757791,
                0.09341201255887642,
                0.11451119666335124,
                0.08695825039719891
            ],
            [
                0.1418059893463559,
                0.11627136731090804,
                0.14909571412095735,
                0.115700465119114,
                0.09992977871853519,
                0.08194895944502478,
                0.09349837096003913,
                0.11508049715379444,
                0.0866688578231935
            ],
            [
                0.14164965100154167,
                0.11682129656234275,
                0.1483013480768969,
                0.11624288230873478,
                0.10000062593949087,
                0.08166905365626743,
                0.0933390408711334,
                0.11561357658727885,
                0.08636252499631339
            ],
            [
                0.14184853704043143,
                0.11635659928897966,
                0.14894448393914095,
                0.11578303793901207,
                0.09990944203709885,
                0.08191979987153501,
                0.09345398109260067,
                0.11515941238720626,
                0.0866247064057364
            ],
            [
                0.14150471326963818,
                0.11689090786895022,
                0.14812454760468916,
                0.11631855203313944,
                0.10020267381495553,
                0.08139722421223337,
                0.09350895169555298,
                0.11569582944343638,
                0.08635660005740468
            ],
            [
                0.1416016477567631,
                0.116930314564488,
                0.14800932257908342,
                0.11635275375153768,
                0.1001465593264912,
                0.08143033776718298,
                0.0934593130551517,
                0.11572449152975195,
                0.08634525966954995
            ],
            [
                0.14128990502346558,
                0.1171920345184665,
                0.14771359306543277,
                0.11661692497396776,
                0.10043125109071745,
                0.08099572387330554,
                0.0935843275176649,
                0.11599863241605342,
                0.0861776075151356
            ],
            [
                0.1412665296960303,
                0.11722902939177024,
                0.1476521254612743,
                0.116661130830099,
                0.10045370378893173,
                0.08095077993966883,
                0.09358691837456955,
                0.11604207095089225,
                0.08615771155547108
            ],
            [
                0.1416452040098028,
                0.1168338116660881,
                0.14827622937225424,
                0.11625524241590363,
                0.10001787736170373,
                0.08164486142364842,
                0.0933476905038797,
                0.11562663316386232,
                0.08635245008589312
            ],
            [
                0.14174265752630957,
                0.11672632468237595,
                0.1484529001168382,
                0.1161582637583594,
                0.09983924673626618,
                0.08178197978305664,
                0.09334986311693268,
                0.11548718181526192,
                0.08646158226406478
            ],
            [
                0.14086937869139887,
                0.11778130211248374,
                0.14675538870515062,
                0.11722169180718822,
                0.10092134529093344,
                0.08018009048395452,
                0.09378679230815323,
                0.11661150301529771,
                0.08587250758543949
            ],
            [
                0.1412484068561443,
                0.11738203055214348,
                0.14739921680091728,
                0.11680999037249895,
                0.10046421415237992,
                0.08090474949216687,
                0.09353229425188975,
                0.11618457458109752,
                0.08607452294732658
            ],
            [
                0.14089453690114212,
                0.11775534977390505,
                0.14680074650403688,
                0.11719513868603779,
                0.10089438756904819,
                0.08021967603973117,
                0.09377222352243919,
                0.11658433693763051,
                0.08588360406602902
            ],
            [
                0.14046835894328483,
                0.11824726293082147,
                0.1460030027848435,
                0.11769720189799936,
                0.10136916500347187,
                0.07946784974993652,
                0.09400670980210533,
                0.11709774344011714,
                0.08564270543294505
            ],
            [
                0.1405186535888002,
                0.11818393313105258,
                0.146095681296986,
                0.11763181785422515,
                0.10130888343309781,
                0.07957127697821749,
                0.0939801146512623,
                0.11702961275201511,
                0.0856800263186636
            ],
            [
                0.14086657911247863,
                0.11778421047725936,
                0.14675032484651873,
                0.11722466814229422,
                0.1009243407411871,
                0.08017568288755554,
                0.09378839934000018,
                0.11661454916974684,
                0.0858712452829594
            ],
            [
                0.14054031722654764,
                0.1181538314536322,
                0.14613841080045367,
                0.11760174274630918,
                0.10128029099553958,
                0.0796229897583971,
                0.09396614678468526,
                0.11699917353791311,
                0.08569709669652217
            ],
            [
                0.14095455825188383,
                0.11769487081288586,
                0.1469078331977762,
                0.11713320203516717,
                0.10082986908415556,
                0.0803136109232643,
                0.09373641369927303,
                0.1165209032700001,
                0.08590873872559392
            ],
            [
                0.14089803849058372,
                0.11775176296335742,
                0.14680704082616744,
                0.11719147023341871,
                0.10089063323138449,
                0.08022517406363011,
                0.09377017309667388,
                0.11658058207535911,
                0.08588512501942502
            ],
            [
                0.1410030836372451,
                0.11764766371576332,
                0.14699315509309965,
                0.11708478762084099,
                0.10077759377910343,
                0.0803886902524951,
                0.09370636136208181,
                0.11647123841556913,
                0.08592742612380136
            ],
            [
                0.14092920665145,
                0.11772018024497007,
                0.14686278852959872,
                0.11715913139325805,
                0.10085716674016791,
                0.08027399019927473,
                0.09375172186022866,
                0.11654746984440877,
                0.08589834453664312
            ],
            [
                0.14091268014208,
                0.11773685793996064,
                0.1468332827816048,
                0.11717621577202329,
                0.1008749148648745,
                0.08024813260310455,
                0.09376154798429434,
                0.11656496447644504,
                0.08589140343561284
            ],
            [
                0.1406402796018121,
                0.11803060884497642,
                0.14633035310508433,
                0.11747615395620281,
                0.10116393332713854,
                0.07981650643994197,
                0.0939101213070736,
                0.11687120577573548,
                0.08576083764203477
            ],
            [
                0.14055686327671144,
                0.11813221202522085,
                0.14617033344588556,
                0.11757968870507407,
                0.10125947946012512,
                0.0796594129026503,
                0.09395613884256732,
                0.1169766998935606,
                0.0857091714482045
            ],
            [
                0.1403340945734492,
                0.1183923194171415,
                0.14578753197764321,
                0.11784585413485803,
                0.10152891594388937,
                0.07920961445859762,
                0.09408955041814994,
                0.11724957831723698,
                0.08556254076020663
            ],
            [
                0.14083084608399762,
                0.11782167427363023,
                0.1466853913294362,
                0.11726297160608194,
                0.10096246611977701,
                0.08011942244829169,
                0.09380859324704895,
                0.1166537116633002,
                0.085854923228436
            ],
            [
                0.14125350982939677,
                0.11737147865353596,
                0.1474155951375695,
                0.11679540297509536,
                0.10045783265686244,
                0.08091494976322092,
                0.09353335657574617,
                0.11617913226608531,
                0.08607874214991766
            ],
            [
                0.14125483069932115,
                0.11736952454228723,
                0.1474144023209788,
                0.11679742094214313,
                0.10046738048460435,
                0.08090827552888968,
                0.09353834714147312,
                0.116171173324988,
                0.0860786450232306
            ],
            [
                0.14127439315690235,
                0.11733784999542946,
                0.1474684392008431,
                0.11676710124843129,
                0.10044114866793612,
                0.08094648642997383,
                0.09352722706989708,
                0.1161454252706389,
                0.08609192896571027
            ],
            [
                0.14146987207230366,
                0.1171197628571005,
                0.14782617556220062,
                0.11654407681880109,
                0.10021515510133032,
                0.0813029596883856,
                0.09340824037211468,
                0.11591734565009199,
                0.08619641187767141
            ],
            [
                0.14137054957022985,
                0.11723416136585924,
                0.14764355691760203,
                0.11665992831291283,
                0.10031166109383222,
                0.08115292893103637,
                0.09344976018735712,
                0.11603433192787482,
                0.08614312176244542
            ],
            [
                0.14152422402247655,
                0.11703337319930078,
                0.14795749108192582,
                0.11645731078837973,
                0.10016167963998812,
                0.0813968756948371,
                0.09339717559800857,
                0.11582920944341492,
                0.08624266053468581
            ],
            [
                0.1415806099216318,
                0.11691913162888984,
                0.14812751394245202,
                0.1163421511118375,
                0.10008246961822535,
                0.08155679290308383,
                0.09336912847902307,
                0.11571431241145523,
                0.08630788998310177
            ],
            [
                0.14163147262870032,
                0.11687277755423799,
                0.14824428669370687,
                0.11629475577205646,
                0.10003172567725158,
                0.08159751775501853,
                0.09334056170531371,
                0.11566580982123441,
                0.08632109239248023
            ],
            [
                0.14165873012961877,
                0.11677298153527173,
                0.1483505890950603,
                0.11619447847647506,
                0.09998023251247111,
                0.08172660546933691,
                0.09334705011631664,
                0.11556515495213945,
                0.08640417771331009
            ],
            [
                0.14165859049275098,
                0.11677456286805844,
                0.14835001363668887,
                0.11619608295121302,
                0.09998107553313648,
                0.0817239439431304,
                0.09334667842321898,
                0.11556678361180373,
                0.08640226853999913
            ],
            [
                0.14126637523149668,
                0.11724358778092511,
                0.14762840059909668,
                0.11667632729998693,
                0.1004551490917008,
                0.08094136394555168,
                0.09358299943081141,
                0.11605713573962859,
                0.08614866087261086
            ]
        ],
        "lambdas": [
            0.6416830481042572,
            1.6638775988765147,
            3.3435502841475535,
            2.404362861650493,
            2.185807914585977,
            3.725278571558919,
            4.9427516863236525,
            5.352167172485564,
            4.776329932859736,
            5.252977044991194,
            4.50261101408965,
            4.259177977750051,
            3.420093544709438,
            4.049350770819083,
            4.019635514391988,
            3.5870957088412494,
            3.904199187357969,
            4.76759670139202,
            4.424958176541126,
            5.563087148600762,
            5.697009939994322,
            6.254828600936833,
            6.32942699879267,
            6.549051700375313,
            6.096656182194297,
            6.124189128346236,
            5.911802064421236,
            7.41308650543247,
            8.593716460311578,
            8.902699574380222,
            9.826668731754802,
            11.110305611870036,
            10.839037646632883,
            12.229837524616745,
            13.819815270138111,
            15.330717212756065,
            17.115526225004444,
            17.516073387260374,
            20.642531922960153,
            20.642531922960153
        ],
        "betas": [
            14.851832774638385,
            16.506318947120114,
            17.20758832033289,
            17.676681244206364,
            18.011379445764014,
            18.262971701942966,
            18.467961188634888,
            18.64020041802283,
            18.78824880962781,
            18.917748597867046,
            19.02792209888636,
            19.131364973663757,
            19.22891370717705,
            19.320338434302734,
            19.398149562975533,
            19.467405650587768,
            19.543242152681174,
            19.6014116165629,
            19.666618041726377,
            19.7212001379653,
            19.773989658837614,
            19.821341201399207,
            19.86994006199691,
            19.913759915419412,
            19.95752871256701,
            19.998232796594145,
            20.037110663694435,
            20.075009064763506,
            20.10850351074868,
            20.14207722399436,
            20.175127820377188,
            20.20547851827712,
            20.23692184280283,
            20.265872076637912,
            20.29450419497553,
            20.32218144670653,
            20.349507319865495,
            20.374900816911182,
            20.39953013804589,
            20.39953013804589
        ]
    },
    {
        "T": 166,
        "best_arm": 5,
        "w_s": [
            [
                0.1423677730551971,
                0.1154380715462652,
                0.15034265341372416,
                0.1148640894982216,
                0.09941559739818752,
                0.0828571937057738,
                0.09337188504479908,
                0.11423885785210329,
                0.08710387848397963
            ],
            [
                0.14227728415765342,
                0.11548776978759522,
                0.15030925679164042,
                0.11491288799100471,
                0.09948596466926136,
                0.08275982393641437,
                0.09340460561465705,
                0.11429260730952145,
                0.08706979974328717
            ],
            [
                0.14219407440388596,
                0.11567934750982337,
                0.1499917234070937,
                0.11510788040163836,
                0.09958157922103346,
