[
    {
        "T": 6811,
        "best_arm": 2,
        "w_s": [
            [
                0.5539367122948858,
                0.009912517504558089,
                0.009912517504558089,
                0.37667566517320755,
                0.009912517504558089,
                0.009912517504558089,
                0.009912517504558089,
                0.009912517504558089,
                0.009912517504558089
            ],
            [
                0.5234397635244381,
                0.02978501477972261,
                0.03971335303963015,
                0.35742017735667153,
                0.009928338259907538,
                0.009928338259907538,
                0.009928338259907538,
                0.009928338259907538,
                0.009928338259907538
            ],
            [
                0.4145493354402495,
                0.09922892619656788,
                0.11907471143588144,
                0.25799520811107657,
                0.009922892619656789,
                0.019845785239313577,
                0.04961446309828395,
                0.019845785239313577,
                0.009922892619656789
            ],
            [
                0.48495131623525695,
                0.04952391190045605,
                0.09904782380091208,
                0.3070482537828276,
                0.00990478238009121,
                0.00990478238009121,
                0.01980956476018242,
                0.00990478238009121,
                0.00990478238009121
            ],
            [
                0.0695149584602068,
                0.39722833405832475,
                0.45381104066980366,
                0.02979212505437434,
                0.009930708351458114,
                0.009930708351458114,
                0.009930708351458114,
                0.009930708351458114,
                0.009930708351458114
            ],
            [
                0.16869870843238302,
                0.15877525499518402,
                0.28551135252167203,
                0.09923453437199,
                0.029770360311597,
                0.049617267185995004,
                0.10915798780918899,
                0.06946417406039301,
                0.029770360311597
            ],
            [
                0.1687408091746613,
                0.14888894927175997,
                0.2754071135441016,
                0.09925929951450664,
                0.03970371980580266,
                0.059555579708703996,
                0.1091852294659573,
                0.06948150966015466,
                0.029777789854351994
            ],
            [
                0.17825347867269187,
                0.14854456556057652,
                0.2572771721971174,
                0.09902971037371767,
                0.039611884149487075,
                0.05941782622423062,
                0.11883565244846121,
                0.06932079726160238,
                0.029708913112115307
            ],
            [
                0.21867309657020276,
                0.08945717586962837,
                0.23464416200429067,
                0.09939686207736485,
                0.03975874483094594,
                0.06957780345415542,
                0.1391556069083108,
                0.07951748966189189,
                0.029819058623209455
            ],
            [
                0.1684166620211589,
                0.07925489977466302,
                0.23717158966886867,
                0.13869607460566025,
                0.03962744988733151,
                0.10897548719016163,
                0.10897548719016163,
                0.08916176224649588,
                0.029720587415498628
            ],
            [
                0.18831939744881618,
                0.07929237787318576,
                0.24672241020473537,
                0.1090270195756304,
                0.03964618893659288,
                0.08920392510733396,
                0.11893856680977861,
                0.09911547234148219,
                0.029734641702444657
            ],
            [
                0.18815650390696828,
                0.07922379111872348,
                0.2671799321518079,
                0.10893271278824478,
                0.03961189555936174,
                0.08912676500856391,
                0.1188356866780852,
                0.07922379111872348,
                0.029708921669521302
            ],
            [
                0.17830480009399768,
                0.08915240004699883,
                0.2867807996240093,
                0.10896404450188744,
                0.03962328890977726,
                0.06934075559211021,
                0.11886986672933177,
                0.07924657781955452,
                0.029717466682332945
            ],
            [
                0.17884900932178843,
                0.0894245046608942,
                0.29454001878627895,
                0.09936056073432688,
                0.03974422429373076,
                0.06955239251402882,
                0.11923267288119226,
                0.07948844858746151,
                0.029808168220298067
            ],
            [
                0.1687633630931706,
                0.07941805322031557,
                0.2753102643646204,
                0.09927256652539446,
                0.059563539915236684,
                0.06949079656777613,
                0.11912707983047334,
                0.08934530987285501,
                0.03970902661015779
            ],
            [
                0.1786614260045276,
                0.08933071300226379,
                0.24565175686977223,
                0.11910761733635171,
                0.06947944344620519,
                0.06947944344620519,
                0.11910761733635171,
                0.06947944344620519,
                0.03970253911211724
            ],
            [
                0.18854133468996076,
                0.10915550955734568,
                0.24583466124015713,
                0.06946259699103817,
                0.07938582513261505,
                0.06946259699103817,
                0.11907873769892256,
                0.07938582513261505,
                0.039692912566307526
            ],
            [
                0.16870503445421386,
                0.2084003366787348,
                0.2557130832902329,
                0.05954295333678137,
                0.05954295333678137,
                0.05954295333678137,
                0.09923825556130227,
                0.05954295333678137,
                0.02977147666839068
            ],
            [
                0.12915154828481967,
                0.22849889311929641,
                0.33437278960900624,
                0.04967367241723834,
                0.04967367241723834,
                0.04967367241723834,
                0.07947787586758134,
                0.04967367241723834,
                0.029804203450343004
            ],
            [
                0.1486135196555178,
                0.23778163144882858,
                0.26683996969944535,
                0.05944540786220713,
                0.04953783988517261,
                0.05944540786220713,
                0.08916811179331069,
                0.05944540786220713,
                0.029722703931103562
            ],
            [
                0.18843012676137483,
                0.18843012676137483,
                0.22644474276909285,
                0.06942162564892757,
                0.059504250556223624,
                0.059504250556223624,
                0.10909112601974329,
                0.06942162564892757,
                0.02975212527811181
            ],
            [
                0.16841666202115887,
                0.17832352449299177,
                0.23717158966886862,
                0.06934803730283012,
                0.05944117483099725,
                0.06934803730283012,
                0.11888234966199447,
                0.06934803730283012,
                0.02972058741549862
            ],
            [
                0.14899337301124618,
                0.1589262645453293,
                0.29476470108010133,
                0.06953024073858156,
                0.05959734920449848,
                0.05959734920449848,
                0.10926180687491387,
                0.06953024073858156,
                0.029798674602249237
            ],
            [
                0.15850979954932604,
                0.1783235244929918,
                0.23717158966886867,
                0.06934803730283014,
                0.06934803730283014,
                0.05944117483099726,
                0.1188823496619945,
                0.07925489977466302,
                0.029720587415498628
            ],
            [
                0.1585719880718015,
                0.1486612388173139,
                0.2666045551679179,
                0.06937524478141316,
                0.06937524478141316,
                0.059464495526925565,
                0.1189289910538511,
                0.06937524478141316,
                0.03964299701795038
            ],
            [
                0.1684166620211589,
                0.15850979954932604,
                0.23717158966886867,
                0.06934803730283014,
                0.08916176224649588,
                0.05944117483099726,
                0.1188823496619945,
                0.06934803730283014,
                0.029720587415498628
            ],
            [
                0.14860293707749314,
                0.1684166620211589,
                0.23717158966886867,
                0.07925489977466302,
                0.06934803730283014,
                0.05944117483099726,
                0.12878921213382738,
                0.06934803730283014,
                0.03962744988733151
            ],
            [
                0.12923092457465854,
                0.15905344563034898,
                0.28425949466342953,
                0.0695858824632777,
                0.05964504211138088,
                0.05964504211138088,
                0.11929008422276173,
                0.0695858824632777,
                0.04970420175948406
            ],
            [
                0.13868402127982163,
                0.1783080273597707,
                0.22733188144099384,
                0.07924801215989809,
                0.06934201063991083,
                0.05943600911992356,
                0.12877801975983436,
                0.06934201063991083,
                0.0495300075999363
            ],
            [
                0.12921592070057428,
                0.2385524689856757,
                0.2346441620042906,
                0.06957780345415539,
                0.05963811724641891,
                0.05963811724641891,
                0.10933654828510131,
                0.05963811724641891,
                0.039758744830945936
            ],
            [
                0.13878472729802432,
                0.17843750652603133,
                0.2465971946678677,
                0.07930555845601392,
                0.06939236364901218,
                0.05947916884201044,
                0.11895833768402085,
                0.06939236364901218,
                0.03965277922800696
            ],
            [
                0.1287415318690416,
                0.16835431090566985,
                0.2869699773406924,
                0.08912875283241344,
                0.0594191685549423,
                0.04951597379578525,
                0.10893514235072753,
                0.06932236331409936,
                0.039612779036628194
            ],
            [
                0.12881364065611967,
                0.16844860701184886,
                0.2865706055968754,
                0.08917867430039056,
                0.05945244953359371,
                0.049543707944661425,
                0.10899615747825511,
                0.06936119112252599,
                0.03963496635572914
            ],
            [
                0.12895965248342237,
                0.16863954555524466,
                0.28576192470719913,
                0.0892797594116001,
                0.05951983960773341,
                0.04959986633977784,
                0.10911970594751123,
                0.06943981287568898,
                0.03967989307182227
            ],
            [
                0.12879755490560546,
                0.1783350760231461,
                0.25693718323689124,
                0.10898254645858925,
                0.059445025341048695,
                0.049537521117540576,
                0.10898254645858925,
                0.06935252956455681,
                0.03963001689403246
            ],
            [
                0.12884818836867604,
                0.1883165830003727,
                0.25664506710379204,
                0.09911399105282773,
                0.05946839463169665,
                0.04955699552641387,
                0.1090253901581105,
                0.06937979373697942,
                0.039645596421131094
            ],
            [
                0.12872297001719993,
                0.18813357156359994,
                0.26726924759440024,
                0.08911590231959995,
                0.059410601546399974,
                0.04950883462199998,
                0.10891943616839994,
                0.06931236847079998,
                0.03960706769759998
            ],
            [
                0.1288327211047188,
                0.16847355836770922,
                0.28646492926617256,
                0.08919188384172841,
                0.05946125589448561,
                0.04955104657873801,
                0.1090123024732236,
                0.06937146521023321,
                0.039640837262990405
            ],
            [
                0.1291224316736696,
                0.16885241065018336,
                0.27492788367862453,
                0.09932494744128431,
                0.059594968464770595,
                0.04966247372064216,
                0.10925744218541274,
                0.06952746320889903,
                0.03972997897651373
            ],
            [
                0.12875602193652996,
                0.1782775688351954,
                0.23736817776055305,
                0.1188517125567969,
                0.05942585627839846,
                0.049521546898665385,
                0.1188517125567969,
                0.06933016565813155,
                0.039617237518932306
            ],
            [
                0.13862399686270271,
                0.17823085310918924,
                0.24746973131675656,
                0.09901714061621622,
                0.05941028436972975,
                0.04950857030810812,
                0.11882056873945947,
                0.06931199843135137,
                0.039606856246486494
            ],
            [
                0.10896318198034961,
                0.18820913251151303,
                0.24716346995394783,
                0.0990574381639542,
                0.07924595053116337,
                0.049528719081977104,
                0.11886892579674503,
                0.06934020671476795,
                0.039622975265581686
            ],
            [
                0.10903211852024212,
                0.18832820471678188,
                0.2665112026820074,
                0.09912010774567466,
                0.0594720646474048,
                0.04956005387283734,
                0.11894412929480958,
                0.06938407542197227,
                0.039648043098269865
            ],
            [
                0.09942268100865795,
                0.18890309391645013,
                0.27421442863679685,
                0.09942268100865795,
                0.05965360860519478,
                0.04971134050432898,
                0.11930721721038953,
                0.06959587670606057,
                0.03976907240346318
            ],
            [
                0.09913414920765741,
                0.18835488349454912,
                0.2763207107841009,
                0.09913414920765741,
                0.059480489524594456,
                0.04956707460382871,
                0.11896097904918888,
                0.0693939044453602,
                0.03965365968306297
            ],
            [
                0.09939834392472517,
                0.20873652224192293,
                0.25451242056456114,
                0.09939834392472517,
                0.059639006354835114,
                0.04969917196236259,
                0.1192780127096702,
                0.06957884074730764,
                0.03975933756989008
            ],
            [
                0.09906862471832874,
                0.2278578368521562,
                0.23717158966886862,
                0.09906862471832874,
                0.05944117483099725,
                0.049534312359164376,
                0.11888234966199447,
                0.06934803730283012,
                0.039627449887331495
            ],
            [
                0.08926933053668742,
                0.22813273359375683,
                0.2759265412024241,
                0.08926933053668742,
                0.05951288702445829,
                0.04959407252038191,
                0.10910695954484018,
                0.05951288702445829,
                0.039675258016305524
            ],
            [
                0.09946656829362627,
                0.1989331365872526,
                0.2838407082858907,
                0.09946656829362627,
                0.05967994097617577,
                0.04973328414681314,
                0.10941322512298889,
                0.05967994097617577,
                0.03978662731745051
            ],
            [
                0.09923409399780121,
                0.19846818799560248,
                0.2855145232158311,
                0.09923409399780121,
                0.05954045639868073,
                0.04961704699890061,
                0.10915750339758133,
                0.05954045639868073,
                0.039693637599120486
            ],
            [
                0.10898596211239651,
                0.22787973896228372,
                0.22719045047573352,
                0.09907814737490593,
                0.05944688842494357,
                0.04953907368745297,
                0.11889377684988711,
                0.06935470316243417,
                0.039631258949962375
            ],
            [
                0.0990927324157067,
                0.19818546483141344,
                0.2964415998484823,
                0.0990927324157067,
                0.05945563944942403,
                0.049546366207853354,
                0.10900200565727736,
                0.05945563944942403,
                0.02972781972471201
            ],
            [
                0.09904196353108499,
                0.20798812341527856,
                0.27699366622307947,
                0.09904196353108499,
                0.05942517811865101,
                0.0495209817655425,
                0.11885035623730199,
                0.05942517811865101,
                0.0297125890593255
            ],
            [
                0.09904906198833922,
                0.1980981239766785,
                0.30665656608162534,
                0.0891441557895053,
                0.05942943719300354,
                0.04952453099416962,
                0.10895396818717314,
                0.05942943719300354,
                0.029714718596501766
            ],
            [
                0.0992633974738782,
                0.2084531346951443,
                0.28530353818807674,
                0.0893370577264904,
                0.05955803848432693,
                0.04963169873693911,
                0.10918973722126601,
                0.05955803848432693,
                0.039705358989551284
            ],
            [
                0.09941787070389922,
                0.20877752847818842,
                0.2841913309319255,
                0.0894760836335093,
                0.05965072242233954,
                0.039767148281559694,
                0.10935965777428913,
                0.05965072242233954,
                0.04970893535194962
            ],
            [
                0.09937328407137194,
                0.21862122495701833,
                0.27457502627898467,
                0.08943595566423475,
                0.04968664203568597,
                0.03974931362854878,
                0.10931061247850912,
                0.05962397044282317,
                0.05962397044282317
            ],
            [
                0.09902084198587548,
                0.23765002076610123,
                0.24744160090734618,
                0.08911875778728792,
                0.049510420992937745,
                0.03960833679435019,
                0.10892292618446302,
                0.05941250519152529,
                0.06931458939011284
            ],
            [
                0.09932492728540585,
                0.19864985457081175,
                0.28486052354507774,
                0.08939243455686526,
                0.04966246364270293,
                0.03972997091416234,
                0.10925742001394642,
                0.05959495637124351,
                0.0695274490997841
            ],
            [
                0.09909098208111884,
                0.19818196416223774,
                0.2865449290159443,
                0.08918188387300696,
                0.04954549104055943,
                0.03963639283244754,
                0.10900008028923072,
                0.059454589248671315,
                0.0693636874567832
            ],
            [
                0.09901612531261875,
                0.19803225062523755,
                0.287083897749145,
                0.08911451278135687,
                0.04950806265630938,
                0.0396064501250475,
                0.10891773784388062,
                0.05940967518757126,
                0.06931128771883313
            ],
            [
                0.09923152625857057,
                0.1984630525171412,
                0.26568670568657765,
                0.09923152625857057,
                0.04961576312928529,
                0.03969261050342823,
                0.10915467888442762,
                0.05953891575514235,
                0.07938522100685647
            ],
            [
                0.09924391005968698,
                0.20841221112534272,
                0.2556706745523474,
                0.0893195190537183,
                0.0496219550298435,
                0.039697564023874796,
                0.10916830106565567,
                0.0595463460358122,
                0.0893195190537183
            ],
            [
                0.09939686207736483,
                0.2087334103624662,
                0.2346441620042906,
                0.08945717586962836,
                0.04969843103868242,
                0.039758744830945936,
                0.10933654828510131,
                0.05963811724641891,
                0.10933654828510131
            ],
            [
                0.09931506002441522,
                0.1986301200488305,
                0.24520554381444426,
                0.0893835540219737,
                0.049657530012207615,
                0.03972602400976609,
                0.10924656602685673,
                0.05958903601464914,
                0.10924656602685673
            ],
            [
                0.09902205509754732,
                0.19804411019509469,
                0.22762797023913087,
                0.0891198495877926,
                0.049511027548773665,
                0.03960882203901893,
                0.09902205509754732,
                0.0594132330585284,
                0.13863087713656624
            ],
            [
                0.08943012207798486,
                0.1689235639250825,
                0.2944957036070085,
                0.08943012207798486,
                0.049683401154436035,
                0.03974672092354883,
                0.08943012207798486,
                0.049683401154436035,
                0.12917684300153365
            ],
            [
                0.09906862471832874,
                0.18823038696482464,
                0.23717158966886862,
                0.08916176224649587,
                0.049534312359164376,
                0.039627449887331495,
                0.09906862471832874,
                0.05944117483099725,
                0.13869607460566022
            ],
            [
                0.09926463068846283,
                0.18860279830807944,
                0.24558880676768255,
                0.08933816761961655,
                0.049632315344231424,
                0.03970585227538514,
                0.09926463068846283,
                0.05955877841307771,
                0.12904401989500167
            ],
            [
                0.09945465743846103,
                0.19890931487692212,
                0.24414460346769604,
                0.08950919169461494,
                0.049727328719230524,
                0.03978186297538442,
                0.09945465743846103,
                0.049727328719230524,
                0.12929105466999935
            ],
            [
                0.1089776239060823,
                0.1882340776559604,
                0.24706368937615847,
                0.0891635104686128,
                0.04953528359367378,
                0.039628226874939027,
                0.09907056718734755,
                0.04953528359367378,
                0.12879173734355182
            ],
            [
                0.09939686207736485,
                0.19879372415472976,
                0.23464416200429067,
                0.08945717586962837,
                0.049698431038682434,
                0.03975874483094594,
                0.09939686207736485,
                0.049698431038682434,
                0.1391556069083108
            ],
            [
                0.09939686207736485,
                0.18885403794699326,
                0.23464416200429067,
                0.08945717586962837,
                0.049698431038682434,
                0.03975874483094594,
                0.09939686207736485,
                0.049698431038682434,
                0.14909529311604727
            ],
            [
                0.09939686207736485,
                0.19879372415472976,
                0.23464416200429067,
                0.08945717586962837,
                0.049698431038682434,
                0.03975874483094594,
                0.09939686207736485,
                0.049698431038682434,
                0.1391556069083108
            ],
            [
                0.09935503885897137,
                0.18877457383204566,
                0.24490170467181765,
                0.08941953497307424,
                0.04967751942948569,
                0.039742015543588555,
                0.09935503885897137,
                0.04967751942948569,
                0.1390970544025599
            ],
            [
                0.09913732871087412,
                0.17844719167957343,
                0.24655630179735677,
                0.0892235958397867,
                0.04956866435543706,
                0.04956866435543706,
                0.10905106158196153,
                0.04956866435543706,
                0.12887852732413632
            ],
            [
                0.09933834961675231,
                0.1788090293101542,
                0.2648962128360329,
                0.08940451465507708,
                0.04966917480837616,
                0.039735339846700926,
                0.09933834961675231,
                0.04966917480837616,
                0.129139854501778
            ],
            [
                0.09902003240669227,
                0.17823605833204614,
                0.26725176019047703,
                0.08911802916602306,
                0.04951001620334614,
                0.039608012962676915,
                0.09902003240669227,
                0.04951001620334614,
                0.12872604212869995
            ],
            [
                0.09915459915500631,
                0.18839373839451204,
                0.24642504642195204,
                0.08923913923950567,
                0.04957729957750316,
                0.039661839662002527,
                0.09915459915500631,
                0.04957729957750316,
                0.13881643881700884
            ],
            [
                0.09915076131387388,
                0.17847137036497301,
                0.2662843662773334,
                0.0892356851824865,
                0.049575380656936945,
                0.039660304525549556,
                0.09915076131387388,
                0.049575380656936945,
                0.12889598970803604
            ],
            [
                0.09906862471832874,
                0.18823038696482464,
                0.23717158966886862,
                0.08916176224649587,
                0.049534312359164376,
                0.039627449887331495,
                0.1089754871901616,
                0.049534312359164376,
                0.13869607460566022
            ],
            [
                0.09923551591339637,
                0.16870037705277385,
                0.27558073383220655,
                0.08931196432205674,
                0.04961775795669819,
                0.03969420636535855,
                0.08931196432205674,
                0.04961775795669819,
                0.1389297222787549
            ],
            [
                0.0990171989345434,
                0.1683292381887238,
                0.2672727278843787,
                0.08911547904108907,
                0.04950859946727171,
                0.04950859946727171,
                0.08911547904108907,
                0.04950859946727171,
                0.13862407850836075
            ],
            [
                0.08912578848533184,
                0.16834871158340461,
                0.26718796134282696,
                0.08912578848533184,
                0.049514326936295476,
                0.049514326936295476,
                0.09902865387259094,
                0.049514326936295476,
                0.1386401154216273
            ],
            [
                0.08914572626033528,
                0.16838637182507776,
                0.2868341899173179,
                0.07924064556474247,
                0.049525403477964046,
                0.049525403477964046,
                0.08914572626033528,
                0.049525403477964046,
                0.13867112973829931
            ],
            [
                0.09918237026718384,
                0.16861002945421255,
                0.26605046002283966,
                0.07934589621374707,
                0.049591185133591925,
                0.049591185133591925,
                0.09918237026718384,
                0.049591185133591925,
                0.13885531837405737
            ],
            [
                0.09918237026718384,
                0.16861002945421255,
                0.26605046002283966,
                0.07934589621374707,
                0.049591185133591925,
                0.049591185133591925,
                0.09918237026718384,
                0.049591185133591925,
                0.13885531837405737
            ],
            [
                0.09918237026718384,
                0.16861002945421255,
                0.26605046002283966,
                0.07934589621374707,
                0.049591185133591925,
                0.049591185133591925,
                0.09918237026718384,
                0.049591185133591925,
                0.13885531837405737
            ],
            [
                0.09918237026718384,
                0.16861002945421255,
                0.26605046002283966,
                0.07934589621374707,
                0.049591185133591925,
                0.049591185133591925,
                0.09918237026718384,
                0.049591185133591925,
                0.13885531837405737
            ],
            [
                0.09918237026718384,
                0.16861002945421255,
                0.26605046002283966,
                0.07934589621374707,
                0.049591185133591925,
                0.049591185133591925,
                0.09918237026718384,
                0.049591185133591925,
                0.13885531837405737
            ],
            [
                0.09918237026718384,
                0.16861002945421255,
                0.26605046002283966,
                0.07934589621374707,
                0.049591185133591925,
                0.049591185133591925,
                0.09918237026718384,
                0.049591185133591925,
                0.13885531837405737
            ],
            [
                0.09918237026718384,
                0.16861002945421255,
                0.26605046002283966,
                0.07934589621374707,
                0.049591185133591925,
                0.049591185133591925,
                0.09918237026718384,
                0.049591185133591925,
                0.13885531837405737
            ],
            [
                0.09918237026718384,
                0.16861002945421255,
                0.26605046002283966,
                0.07934589621374707,
                0.049591185133591925,
                0.049591185133591925,
                0.09918237026718384,
                0.049591185133591925,
                0.13885531837405737
            ],
            [
                0.09918237026718384,
                0.16861002945421255,
                0.26605046002283966,
                0.07934589621374707,
                0.049591185133591925,
                0.049591185133591925,
                0.09918237026718384,
                0.049591185133591925,
                0.13885531837405737
            ],
            [
                0.09918237026718384,
                0.16861002945421255,
                0.26605046002283966,
                0.07934589621374707,
                0.049591185133591925,
                0.049591185133591925,
                0.09918237026718384,
                0.049591185133591925,
                0.13885531837405737
            ],
            [
                0.08935731893634266,
                0.17871463787268535,
                0.28514144850925865,
                0.0794287279434157,
                0.04964295496463481,
                0.04964295496463481,
                0.08935731893634266,
                0.04964295496463481,
                0.1290716829080505
            ],
            [
                0.08935731893634266,
                0.17871463787268535,
                0.28514144850925865,
                0.0794287279434157,
                0.04964295496463481,
                0.04964295496463481,
                0.08935731893634266,
                0.04964295496463481,
                0.1290716829080505
            ],
            [
                0.08935731893634266,
                0.17871463787268535,
                0.28514144850925865,
                0.0794287279434157,
                0.04964295496463481,
                0.04964295496463481,
                0.08935731893634266,
                0.04964295496463481,
                0.1290716829080505
            ],
            [
                0.08935731893634266,
                0.17871463787268535,
                0.28514144850925865,
                0.0794287279434157,
                0.04964295496463481,
                0.04964295496463481,
                0.08935731893634266,
                0.04964295496463481,
                0.1290716829080505
            ],
            [
                0.08935731893634266,
                0.17871463787268535,
                0.28514144850925865,
                0.0794287279434157,
                0.04964295496463481,
                0.04964295496463481,
                0.08935731893634266,
                0.04964295496463481,
                0.1290716829080505
            ],
            [
                0.08935731893634266,
                0.17871463787268535,
                0.28514144850925865,
                0.0794287279434157,
                0.04964295496463481,
                0.04964295496463481,
                0.08935731893634266,
                0.04964295496463481,
                0.1290716829080505
            ],
            [
                0.08935731893634266,
                0.17871463787268535,
                0.28514144850925865,
                0.0794287279434157,
                0.04964295496463481,
                0.04964295496463481,
                0.08935731893634266,
                0.04964295496463481,
                0.1290716829080505
            ],
            [
                0.08935731893634266,
                0.17871463787268535,
                0.28514144850925865,
                0.0794287279434157,
                0.04964295496463481,
                0.04964295496463481,
                0.08935731893634266,
                0.04964295496463481,
                0.1290716829080505
            ],
            [
                0.08935731893634266,
                0.17871463787268535,
                0.28514144850925865,
                0.0794287279434157,
                0.04964295496463481,
                0.04964295496463481,
                0.08935731893634266,
                0.04964295496463481,
                0.1290716829080505
            ],
            [
                0.08935731893634266,
                0.17871463787268535,
                0.28514144850925865,
                0.0794287279434157,
                0.04964295496463481,
                0.04964295496463481,
                0.08935731893634266,
                0.04964295496463481,
                0.1290716829080505
            ],
            [
                0.09939686207736485,
                0.16897466553152027,
                0.23464416200429067,
                0.08945717586962837,
                0.049698431038682434,
                0.05963811724641892,
                0.09939686207736485,
                0.049698431038682434,
                0.14909529311604727
            ],
            [
                0.09939686207736485,
                0.16897466553152027,
                0.23464416200429067,
                0.08945717586962837,
                0.049698431038682434,
                0.05963811724641892,
                0.09939686207736485,
                0.049698431038682434,
                0.14909529311604727
            ],
            [
                0.09939686207736485,
                0.16897466553152027,
                0.23464416200429067,
                0.08945717586962837,
                0.049698431038682434,
                0.05963811724641892,
                0.09939686207736485,
                0.049698431038682434,
                0.14909529311604727
            ],
            [
                0.09939686207736485,
                0.16897466553152027,
                0.23464416200429067,
                0.08945717586962837,
                0.049698431038682434,
                0.05963811724641892,
                0.09939686207736485,
                0.049698431038682434,
                0.14909529311604727
            ],
            [
                0.09939686207736485,
                0.16897466553152027,
                0.23464416200429067,
                0.08945717586962837,
                0.049698431038682434,
                0.05963811724641892,
                0.09939686207736485,
                0.049698431038682434,
                0.14909529311604727
            ],
            [
                0.09939686207736485,
                0.16897466553152027,
                0.23464416200429067,
                0.08945717586962837,
                0.049698431038682434,
