[
    {
        "T": 6983,
        "best_arm": 6,
        "w_s": [
            [
                0.009916956632395175,
                0.009916956632395175,
                0.009916956632395175,
                0.009916956632395175,
                0.7917439107197012,
                0.06941869642676624,
                0.029750869897185526,
                0.029750869897185526,
                0.009916956632395175,
                0.009916956632395175,
                0.009916956632395175,
                0.009916956632395175
            ],
            [
                0.009916956632395177,
                0.009916956632395177,
                0.009916956632395177,
                0.009916956632395177,
                0.009916956632395177,
                0.7917439107197013,
                0.0892526096915566,
                0.029750869897185533,
                0.009916956632395177,
                0.009916956632395177,
                0.009916956632395177,
                0.009916956632395177
            ],
            [
                0.009957517955176765,
                0.009957517955176765,
                0.009957517955176765,
                0.009957517955176765,
                0.009957517955176765,
                0.009957517955176765,
                0.7211894972550505,
                0.17923532319318178,
                0.009957517955176765,
                0.009957517955176765,
                0.009957517955176765,
                0.009957517955176765
            ],
            [
                0.05949343804623076,
                0.0396622920308205,
                0.0396622920308205,
                0.029746719023115376,
                0.13881802210787175,
                0.06940901105393589,
                0.2662475974298205,
                0.20822703316180768,
                0.0396622920308205,
                0.01983114601541025,
                0.04957786503852563,
                0.0396622920308205
            ],
            [
                0.05963811724641891,
                0.039758744830945936,
                0.039758744830945936,
                0.019879372415472968,
                0.2683715276088851,
                0.1192762344928378,
                0.2346441620042906,
                0.07951748966189187,
                0.029819058623209452,
                0.019879372415472968,
                0.04969843103868242,
                0.039758744830945936
            ],
            [
                0.06931651228906342,
                0.04951179449218815,
                0.04951179449218815,
                0.02970707669531289,
                0.13863302457812682,
                0.14853538347656445,
                0.2474207237187399,
                0.09902358898437628,
                0.03960943559375052,
                0.01980471779687526,
                0.059414153390625786,
                0.04951179449218815
            ],
            [
                0.06931382212267045,
                0.04950987294476461,
                0.04950987294476461,
                0.029705923766858763,
                0.1485296188342938,
                0.1485296188342938,
                0.23754795665062498,
                0.0990197458895292,
                0.03960789835581169,
                0.019803949177905844,
                0.05941184753371753,
                0.04950987294476461
            ],
            [
                0.0793899369415741,
                0.049618710588483814,
                0.03969496847078705,
                0.029771226353090284,
                0.13893238964775464,
                0.11908490541236112,
                0.2656430832904396,
                0.09923742117696761,
                0.03969496847078705,
                0.029771226353090284,
                0.059542452706180575,
                0.049618710588483814
            ],
            [
                0.0794911963470469,
                0.04968199771690432,
                0.03974559817352345,
                0.02980919863014259,
                0.14904599315071296,
                0.11923679452057034,
                0.25477003424643513,
                0.09936399543380862,
                0.03974559817352345,
                0.02980919863014259,
                0.059618397260285186,
                0.04968199771690432
            ],
            [
                0.06936662219343524,
                0.04954758728102517,
                0.03963806982482014,
                0.029728552368615102,
                0.1189142094744604,
                0.1486427618430755,
                0.28651474315323733,
                0.07927613964964028,
                0.03963806982482014,
                0.029728552368615102,
                0.05945710473723021,
                0.04954758728102517
            ],
            [
                0.06934803730283012,
                0.049534312359164376,
                0.039627449887331495,
                0.02972058741549862,
                0.11888234966199447,
                0.2179509743803233,
                0.23717158966886862,
                0.07925489977466299,
                0.039627449887331495,
                0.019813724943665748,
                0.05944117483099725,
                0.039627449887331495
            ],
            [
                0.06943047314735194,
                0.049593195105251384,
                0.039674556084201104,
                0.029755917063150825,
                0.11902366825260328,
                0.18845414139995526,
                0.26602071244227954,
                0.07934911216840221,
                0.039674556084201104,
                0.019837278042100552,
                0.059511834126301656,
                0.039674556084201104
            ],
            [
                0.07933937231268888,
                0.04958710769543056,
                0.04958710769543056,
                0.029752264617258332,
                0.13884390154720552,
                0.10909163692994721,
                0.26611080610762755,
                0.089256793851775,
                0.03966968615634444,
                0.029752264617258332,
                0.06942195077360278,
                0.04958710769543056
            ],
            [
                0.06944457384755204,
                0.05952392044075889,
                0.04960326703396574,
                0.02976196022037944,
                0.15873045450869036,
                0.1289684942883109,
                0.22618903427013445,
                0.09920653406793147,
                0.03968261362717259,
                0.02976196022037944,
                0.05952392044075889,
                0.04960326703396574
            ],
            [
                0.049650887982111314,
                0.03972071038568905,
                0.03972071038568905,
                0.019860355192844525,
                0.2283940847177121,
                0.0794414207713781,
                0.3644686338289752,
                0.049650887982111314,
                0.029790532789266785,
                0.019860355192844525,
                0.03972071038568905,
                0.03972071038568905
            ],
            [
                0.049757821801237376,
                0.039806257440989895,
                0.039806257440989895,
                0.019903128720494948,
                0.23883754464593945,
                0.08956407924222726,
                0.34319675222366663,
                0.049757821801237376,
                0.02985469308074242,
                0.019903128720494948,
                0.039806257440989895,
                0.039806257440989895
            ],
            [
                0.06947918914037908,
                0.04962799224312791,
                0.03970239379450233,
                0.029776795345876742,
                0.21836316586976284,
                0.10918158293488138,
                0.2754313132503323,
                0.05955359069175349,
                0.03970239379450233,
                0.019851196897251164,
                0.04962799224312791,
                0.03970239379450233
            ],
            [
                0.06937159988311611,
                0.05946137132838524,
                0.04955114277365437,
                0.029730685664192617,
                0.16847388543042485,
                0.12883297121150133,
                0.2567328583951843,
                0.05946137132838524,
                0.03964091421892349,
                0.029730685664192617,
                0.05946137132838524,
                0.04955114277365437
            ],
            [
                0.04966001210054708,
                0.06952401694076592,
                0.04966001210054708,
                0.029796007260328244,
                0.1787760435619695,
                0.12911603146142236,
                0.24516781607168428,
                0.059592014520656496,
                0.03972800968043766,
                0.029796007260328244,
                0.06952401694076592,
                0.04966001210054708
            ],
            [
                0.029753958355433242,
                0.27770361131737703,
                0.029753958355433242,
                0.019835972236955497,
                0.05950791671086649,
                0.05950791671086649,
                0.3950028467728572,
                0.029753958355433242,
                0.019835972236955497,
                0.019835972236955497,
                0.029753958355433242,
                0.029753958355433242
            ],
            [
                0.03977376400993569,
                0.2386425840596142,
                0.029830323007451764,
                0.019886882004967844,
                0.08949096902235529,
                0.07954752801987137,
                0.35367633483854494,
                0.03977376400993569,
                0.029830323007451764,
                0.019886882004967844,
                0.029830323007451764,
                0.029830323007451764
            ],
            [
                0.03965099861177857,
                0.2379059916706715,
                0.03965099861177857,
                0.019825499305889286,
                0.08921474687650179,
                0.07930199722355714,
                0.3259330235997641,
                0.03965099861177857,
                0.029738248958833927,
                0.019825499305889286,
                0.03965099861177857,
                0.03965099861177857
            ],
            [
                0.02973685047933206,
                0.33701763876576346,
                0.02973685047933206,
                0.019824566986221374,
                0.059473700958664125,
                0.04956141746555343,
                0.3457892894546945,
                0.02973685047933206,
                0.019824566986221374,
                0.019824566986221374,
                0.02973685047933206,
                0.02973685047933206
            ],
            [
                0.01986187921730649,
                0.3873066447374767,
                0.01986187921730649,
                0.009930939608653246,
                0.03972375843461298,
                0.03972375843461298,
                0.39421268387215175,
                0.01986187921730649,
                0.01986187921730649,
                0.009930939608653246,
                0.01986187921730649,
                0.01986187921730649
            ],
            [
                0.01980296831230525,
                0.39605936624610516,
                0.01980296831230525,
                0.009901484156152624,
                0.0396059366246105,
                0.029704452468457872,
                0.39600946647468976,
                0.01980296831230525,
                0.01980296831230525,
                0.009901484156152624,
                0.01980296831230525,
                0.01980296831230525
            ],
            [
                0.01982692625135489,
                0.37671159877574306,
                0.01982692625135489,
                0.009913463125677445,
                0.029740389377032335,
                0.029740389377032335,
                0.43493260183638555,
                0.01982692625135489,
                0.009913463125677445,
                0.009913463125677445,
                0.01982692625135489,
                0.01982692625135489
            ],
            [
                0.019850749418196048,
                0.38708961365482314,
                0.019850749418196048,
                0.009925374709098024,
                0.039701498836392096,
                0.029776124127294072,
                0.40447751745411836,
                0.019850749418196048,
                0.019850749418196048,
                0.009925374709098024,
                0.019850749418196048,
                0.019850749418196048
            ],
            [
                0.019885217389323667,
                0.37781913039714987,
                0.019885217389323667,
                0.009942608694661834,
                0.039770434778647334,
                0.039770434778647334,
                0.3935008696256281,
                0.0298278260839855,
                0.019885217389323667,
                0.009942608694661834,
                0.019885217389323667,
                0.019885217389323667
            ],
            [
                0.029788582921537823,
                0.30781535685589095,
                0.029788582921537823,
                0.019859055281025214,
                0.049647638202563044,
                0.049647638202563044,
                0.37443975864770557,
                0.03971811056205043,
                0.019859055281025214,
                0.019859055281025214,
                0.029788582921537823,
                0.029788582921537823
            ],
            [
                0.02987730419427971,
                0.3386094475351702,
                0.02987730419427971,
                0.019918202796186474,
                0.05975460838855943,
                0.049795506990466185,
                0.33274020632775286,
                0.03983640559237295,
                0.019918202796186474,
                0.019918202796186474,
                0.02987730419427971,
                0.02987730419427971
            ],
            [
                0.029714968070732234,
                0.31695965942114396,
                0.029714968070732234,
                0.01980997871382149,
                0.059429936141464475,
                0.04952494678455373,
                0.35617569180080133,
                0.03961995742764298,
                0.01980997871382149,
                0.01980997871382149,
                0.029714968070732234,
                0.029714968070732234
            ],
            [
                0.02981553402148123,
                0.28821682887431865,
                0.02981553402148123,
                0.01987702268098749,
                0.05963106804296247,
                0.05963106804296247,
                0.37387378554889394,
                0.03975404536197498,
                0.01987702268098749,
                0.01987702268098749,
                0.02981553402148123,
                0.02981553402148123
            ],
            [
                0.02972554359335302,
                0.29725543593353027,
                0.02972554359335302,
                0.019817029062235345,
                0.05945108718670604,
                0.05945108718670604,
                0.3559465554773511,
                0.03963405812447069,
                0.02972554359335302,
                0.019817029062235345,
                0.02972554359335302,
                0.02972554359335302
            ],
            [
                0.029757120327921695,
                0.31740928349783154,
                0.029757120327921695,
                0.019838080218614464,
                0.059514240655843396,
                0.059514240655843396,
                0.33542431267641526,
                0.03967616043722893,
                0.029757120327921695,
                0.019838080218614464,
                0.029757120327921695,
                0.029757120327921695
            ],
            [
                0.029781247084126043,
                0.3077395532026359,
                0.029781247084126043,
                0.019854164722750697,
                0.06948957652962744,
                0.05956249416825209,
                0.3249583994264762,
                0.04963541180687674,
                0.029781247084126043,
                0.019854164722750697,
                0.029781247084126043,
                0.029781247084126043
            ],
            [
                0.029759168545869193,
                0.27775223976144586,
                0.029759168545869193,
                0.01983944569724613,
                0.06943805994036147,
                0.05951833709173839,
                0.3651377376881237,
                0.03967889139449226,
                0.029759168545869193,
                0.01983944569724613,
                0.029759168545869193,
                0.029759168545869193
            ],
            [
                0.029801775316360624,
                0.2880838280581528,
                0.029801775316360624,
                0.019867850210907083,
                0.0695374757381748,
                0.059603550632721256,
                0.3542948681455196,
                0.039735700421814166,
                0.029801775316360624,
                0.019867850210907083,
                0.029801775316360624,
                0.029801775316360624
            ],
            [
                0.02974323638856457,
                0.2577747153675597,
                0.02974323638856457,
                0.01982882425904305,
                0.06940088490665067,
                0.059486472777129144,
                0.3753920358401439,
                0.04957206064760762,
                0.02974323638856457,
                0.01982882425904305,
                0.02974323638856457,
                0.02974323638856457
            ],
            [
                0.02971415439984145,
                0.28723682586513416,
                0.02971415439984145,
                0.01980943626656097,
                0.06933302693296339,
                0.05942830879968291,
                0.3462886032034879,
                0.049523590666402426,
                0.02971415439984145,
                0.01980943626656097,
                0.02971415439984145,
                0.02971415439984145
            ],
            [
                0.029794694284538535,
                0.2681522485608469,
                0.029794694284538535,
                0.019863129523025692,
                0.06952095333058993,
                0.06952095333058993,
                0.354448290501665,
                0.04965782380756423,
                0.029794694284538535,
                0.019863129523025692,
                0.029794694284538535,
                0.029794694284538535
            ],
            [
                0.029767299653962173,
                0.24806083044968485,
                0.029767299653962173,
                0.019844866435974783,
                0.06945703252591175,
                0.06945703252591175,
                0.37488670726679413,
                0.04961216608993696,
                0.029767299653962173,
                0.019844866435974783,
                0.029767299653962173,
                0.029767299653962173
            ],
            [
                0.029752790395187554,
                0.22810472636310467,
                0.029752790395187554,
                0.019835193596791704,
                0.06942317758877097,
                0.059505580790375115,
                0.4049441920962489,
                0.04958798399197926,
                0.029752790395187554,
                0.019835193596791704,
                0.029752790395187554,
                0.029752790395187554
            ],
            [
                0.029758709245392718,
                0.21823053446621335,
                0.029758709245392718,
                0.01983913949692848,
                0.0694369882392497,
                0.05951741849078544,
                0.4048258150921455,
                0.049597848742321204,
                0.029758709245392718,
                0.01983913949692848,
                0.03967827899385696,
                0.029758709245392718
            ],
            [
                0.029733594473322477,
                0.26760235025990237,
                0.029733594473322477,
                0.01982239631554832,
                0.06937838710441913,
                0.06937838710441913,
                0.3458609215869053,
                0.0495559907888708,
                0.029733594473322477,
                0.01982239631554832,
                0.03964479263109664,
                0.029733594473322477
            ],
            [
                0.029726531161769015,
                0.2576299367353315,
                0.029726531161769015,
                0.019817687441179344,
                0.06936190604412772,
                0.06936190604412772,
                0.35592515816167114,
                0.049544218602948366,
                0.029726531161769015,
                0.019817687441179344,
                0.03963537488235869,
                0.029726531161769015
            ],
            [
                0.02977616428593539,
                0.2382093142874832,
                0.02977616428593539,
                0.019850776190623597,
                0.0694777166671826,
                0.0694777166671826,
                0.3747005499953566,
                0.049626940476558995,
                0.02977616428593539,
                0.019850776190623597,
                0.039701552381247195,
                0.02977616428593539
            ],
            [
                0.029736828135797425,
                0.21807007299584785,
                0.029736828135797425,
                0.019824552090531616,
                0.06938593231686066,
                0.06938593231686066,
                0.39535116123878555,
                0.04956138022632905,
                0.029736828135797425,
                0.019824552090531616,
                0.03964910418106323,
                0.029736828135797425
            ],
            [
                0.03962453087516096,
                0.24765331796975606,
                0.02971839815637072,
                0.02971839815637072,
                0.07924906175032193,
                0.06934292903153169,
                0.32638297512226355,
                0.0495306635939512,
                0.02971839815637072,
                0.01981226543758048,
                0.03962453087516096,
                0.03962453087516096
            ],
            [
                0.039717604822235415,
                0.2482350301389714,
                0.029788203616676563,
                0.019858802411117708,
                0.06950580843891199,
                0.06950580843891199,
                0.35458892163867434,
                0.049647006027794274,
                0.029788203616676563,
                0.019858802411117708,
                0.039717604822235415,
                0.029788203616676563
            ],
            [
                0.03963390174011399,
                0.2873457876158265,
                0.02972542630508549,
                0.019816950870056995,
                0.06935932804519948,
                0.06935932804519948,
                0.32622367041806194,
                0.03963390174011399,
                0.02972542630508549,
                0.019816950870056995,
                0.03963390174011399,
                0.02972542630508549
            ],
            [
                0.0396049117122153,
                0.2772343819855072,
                0.029703683784161477,
                0.01980245585610765,
                0.06930859549637679,
                0.06930859549637679,
                0.3366177288203936,
                0.0396049117122153,
                0.029703683784161477,
                0.01980245585610765,
                0.0396049117122153,
                0.029703683784161477
            ],
            [
                0.039664880961815245,
                0.2974866072136144,
                0.029748660721361432,
                0.019832440480907623,
                0.06941354168317668,
                0.05949732144272287,
                0.3256970236491408,
                0.039664880961815245,
                0.029748660721361432,
                0.019832440480907623,
                0.039664880961815245,
                0.029748660721361432
            ],
            [
                0.03972459284040736,
                0.27807214988285156,
                0.029793444630305515,
                0.01986229642020368,
                0.05958688926061104,
                0.05958688926061104,
                0.3644065145534821,
                0.03972459284040736,
                0.029793444630305515,
                0.01986229642020368,
                0.03972459284040736,
                0.01986229642020368
            ],
            [
                0.039651334154698126,
                0.3072978396989106,
                0.029738500616023594,
                0.019825667077349063,
                0.059477001232047196,
                0.059477001232047196,
                0.33584015290880614,
                0.039651334154698126,
                0.029738500616023594,
                0.019825667077349063,
                0.039651334154698126,
                0.019825667077349063
            ],
            [
                0.03967379119115308,
                0.27771653833807164,
                0.029755343393364806,
                0.01983689559557654,
                0.0694291345845179,
                0.05951068678672962,
                0.3453824453459741,
                0.03967379119115308,
                0.029755343393364806,
                0.01983689559557654,
                0.03967379119115308,
                0.029755343393364806
            ],
            [
                0.03973509082583454,
                0.2880794084873005,
                0.03973509082583454,
                0.01986754541291727,
                0.05960263623875181,
                0.05960263623875181,
                0.3443710013737299,
                0.03973509082583454,
                0.029801318119375902,
                0.01986754541291727,
                0.03973509082583454,
                0.01986754541291727
            ],
            [
                0.039727557569400745,
                0.29795668177050566,
                0.029795668177050556,
                0.019863778784700373,
                0.06952322574645131,
                0.05959133635410112,
                0.32463152132018724,
                0.039727557569400745,
                0.029795668177050556,
                0.019863778784700373,
                0.039727557569400745,
                0.029795668177050556
            ],
            [
                0.039700758143036474,
                0.2779053070012554,
                0.029775568607277356,
                0.019850379071518237,
                0.05955113721455472,
                0.04962594767879559,
                0.3747130592471753,
                0.039700758143036474,
                0.029775568607277356,
                0.019850379071518237,
                0.039700758143036474,
                0.019850379071518237
            ],
            [
                0.03974052965381362,
                0.31792423723050905,
                0.029805397240360212,
                0.01987026482690681,
                0.05961079448072043,
                0.05961079448072043,
                0.3244109958851683,
                0.03974052965381362,
                0.029805397240360212,
                0.01987026482690681,
                0.03974052965381362,
                0.01987026482690681
            ],
            [
                0.03964109941900214,
                0.2973082456425161,
                0.0297308245642516,
                0.01982054970950107,
                0.06937192398325374,
                0.059461649128503206,
                0.3261013098769635,
                0.03964109941900214,
                0.0297308245642516,
                0.01982054970950107,
                0.03964109941900214,
                0.0297308245642516
            ],
            [
                0.039778493956295326,
                0.25856021071591967,
                0.029833870467221493,
                0.019889246978147663,
                0.05966774093444299,
                0.05966774093444299,
                0.3635440966992746,
                0.039778493956295326,
                0.039778493956295326,
                0.019889246978147663,
                0.049723117445369155,
                0.019889246978147663
            ],
            [
                0.039697727106904696,
                0.25803522619488056,
                0.029773295330178518,
                0.019848863553452348,
                0.05954659066035704,
                0.05954659066035704,
                0.3449875027360723,
                0.039697727106904696,
                0.04962215888363087,
                0.019848863553452348,
                0.04962215888363087,
                0.029773295330178518
            ],
            [
                0.03966096811933133,
                0.26771153480548654,
                0.029745726089498496,
                0.019830484059665664,
                0.059491452178997,
                0.059491452178997,
                0.31584829994153457,
                0.03966096811933133,
                0.07932193623866265,
                0.019830484059665664,
                0.03966096811933133,
                0.029745726089498496
            ],
            [
                0.03972477384222013,
                0.24827983651387586,
                0.029793580381665095,
                0.019862386921110066,
                0.0595871607633302,
                0.0595871607633302,
                0.3346100381428129,
                0.03972477384222013,
                0.08938074114499528,
                0.019862386921110066,
                0.03972477384222013,
                0.019862386921110066
            ],
            [
                0.03963362548087525,
                0.26752697199590797,
                0.029725219110656433,
                0.019816812740437624,
                0.05945043822131287,
                0.05945043822131287,
                0.31631996045490207,
                0.03963362548087525,
                0.0792672509617505,
                0.019816812740437624,
                0.03963362548087525,
                0.029725219110656433
            ],
            [
                0.039634637557937565,
                0.25762514412659426,
                0.029725978168453175,
                0.019817318778968782,
                0.05945195633690636,
                0.05945195633690636,
                0.3063938427360925,
                0.039634637557937565,
                0.1089952532843283,
                0.019817318778968782,
                0.039634637557937565,
                0.019817318778968782
            ],
            [
                0.03964193483001262,
                0.22794112527257263,
                0.029731451122509463,
                0.01982096741500631,
                0.059462902245018934,
                0.049552418537515776,
                0.3359975915972886,
                0.03964193483001262,
                0.11892580449003784,
                0.01982096741500631,
                0.03964193483001262,
                0.01982096741500631
            ],
            [
                0.0397356607254624,
                0.198678303627312,
                0.029801745544096793,
                0.0198678303627312,
                0.049669575906827995,
                0.049669575906827995,
                0.33442768284850477,
                0.029801745544096793,
                0.1688765580832152,
                0.0198678303627312,
                0.0397356607254624,
                0.0198678303627312
            ],
            [
                0.039605476046254855,
                0.19802738023127428,
                0.029704107034691136,
                0.019802738023127427,
                0.04950684505781856,
                0.04950684505781856,
                0.3267069072136674,
                0.029704107034691136,
                0.17822464220814685,
                0.019802738023127427,
                0.039605476046254855,
                0.019802738023127427
            ],
            [
                0.039630940304221256,
                0.20806243659716164,
                0.02972320522816594,
                0.019815470152110628,
                0.04953867538027657,
                0.04953867538027657,
                0.3262740148282385,
                0.02972320522816594,
                0.16843149629294035,
                0.019815470152110628,
                0.039630940304221256,
                0.019815470152110628
            ],
            [
                0.03964131207907976,
                0.1882962323756289,
                0.01982065603953988,
                0.01982065603953988,
                0.0495516400988497,
                0.0495516400988497,
                0.3260976946556439,
                0.02973098405930982,
                0.19820656039539883,
                0.01982065603953988,
                0.03964131207907976,
                0.01982065603953988
            ],
            [
                0.03970497168800729,
                0.18859861551803464,
                0.019852485844003644,
                0.019852485844003644,
                0.04963121461000911,
                0.04963121461000911,
                0.33494172422587787,
                0.029778728766005465,
                0.18859861551803464,
                0.019852485844003644,
                0.03970497168800729,
                0.019852485844003644
            ],
            [
                0.03964131207907976,
                0.1882962323756289,
                0.01982065603953988,
                0.01982065603953988,
                0.0495516400988497,
                0.0495516400988497,
                0.3260976946556439,
                0.02973098405930982,
                0.19820656039539883,
                0.01982065603953988,
                0.03964131207907976,
                0.01982065603953988
            ],
            [
                0.02977072707199244,
                0.15877721105062634,
                0.019847151381328292,
                0.019847151381328292,
                0.04961787845332073,
                0.039694302762656584,
                0.33512042872550213,
                0.02977072707199244,
                0.24808939226660373,
                0.019847151381328292,
                0.02977072707199244,
                0.019847151381328292
            ],
            [
                0.02975449978489333,
                0.15869066551943112,
                0.01983633318992889,
                0.01983633318992889,
                0.049590832974822224,
                0.03967266637985778,
                0.3255646715424178,
                0.02975449978489333,
                0.2578723314690756,
                0.01983633318992889,
                0.02975449978489333,
                0.01983633318992889
            ],
            [
                0.03961157028463328,
                0.17825206628084977,
                0.01980578514231664,
                0.01980578514231664,
                0.049514462855791606,
                0.049514462855791606,
                0.3365061977323925,
                0.02970867771347496,
                0.20796074399432476,
                0.01980578514231664,
                0.02970867771347496,
                0.01980578514231664
            ],
            [
                0.029730405724797286,
                0.18829256959038285,
                0.01982027048319819,
                0.01982027048319819,
                0.04955067620799548,
                0.04955067620799548,
                0.31620066832966237,
                0.029730405724797286,
                0.22793311055677926,
                0.01982027048319819,
                0.029730405724797286,
                0.01982027048319819
            ],
            [
                0.02971369032335801,
                0.1782821419401481,
                0.019809126882238674,
                0.019809126882238674,
                0.04952281720559669,
                0.04952281720559669,
                0.326489686003885,
                0.02971369032335801,
                0.22780495914574483,
                0.019809126882238674,
                0.02971369032335801,
                0.019809126882238674
            ],
            [
                0.029801039038703923,
                0.17880623423222358,
                0.01986735935913595,
                0.01986735935913595,
                0.049668398397839875,
                0.049668398397839875,
                0.3543108208280816,
                0.029801039038703923,
                0.19867359359135953,
                0.01986735935913595,
                0.029801039038703923,
                0.01986735935913595
            ],
            [
                0.039641007234106934,
                0.18829478436200794,
                0.019820503617053467,
                0.019820503617053467,
                0.04955125904263367,
                0.04955125904263367,
                0.32610287702018215,
                0.029730755425580197,
                0.20811528797906143,
                0.019820503617053467,
                0.029730755425580197,
                0.019820503617053467
            ],
            [
                0.03977548533372237,
                0.18893355533518127,
                0.019887742666861184,
                0.019887742666861184,
                0.049719356667152964,
                0.049719356667152964,
                0.3337606206601502,
                0.029831614000291773,
                0.19887742666861188,
                0.019887742666861184,
                0.029831614000291773,
                0.019887742666861184
            ],
            [
                0.039638940012809314,
                0.18828496506084427,
                0.019819470006404657,
                0.019819470006404657,
                0.049548675016011644,
                0.049548675016011644,
                0.3261380197822416,
                0.029729205009606983,
                0.20810443506724893,
                0.019819470006404657,
                0.029729205009606983,
                0.019819470006404657
            ],
            [
                0.039692274247741015,
                0.1984613712387051,
                0.019846137123870507,
                0.019846137123870507,
                0.04961534280967627,
                0.04961534280967627,
                0.31530826922646743,
                0.029769205685805763,
                0.1984613712387051,
                0.019846137123870507,
                0.039692274247741015,
                0.019846137123870507
            ],
            [
                0.029813558836088595,
                0.18881920596189447,
                0.01987570589072573,
                0.01987570589072573,
                0.04968926472681433,
                0.04968926472681433,
                0.3540395585514136,
                0.029813558836088595,
                0.1788813530165316,
                0.01987570589072573,
                0.03975141178145146,
                0.01987570589072573
            ],
            [
