[
    {
        "T": 339,
        "best_arm": 1,
        "w_s": [
            [
                0.1686566587955788,
                0.49403002361326354,
                0.33731331759115774
            ],
            [
                0.12887280246792998,
                0.5241619601184122,
                0.34696523741365787
            ],
            [
                0.10908307460679297,
                0.5140844858424676,
                0.37683243955073953
            ],
            [
                0.11885477169651387,
                0.5245809132139443,
                0.3565643150895418
            ],
            [
                0.13864183862927054,
                0.49494758785051435,
                0.36641057352021517
            ],
            [
                0.1288073748122707,
                0.4946787603518608,
                0.37651386483586846
            ],
            [
                0.1288131630190708,
                0.49465605277133734,
                0.3765307842095918
            ],
            [
                0.1588117041919846,
                0.48386196137605,
                0.3573263344319655
            ],
            [
                0.12881725069895222,
                0.49464001648872574,
                0.37654273281232215
            ],
            [
                0.12882790065855387,
                0.49459823587798063,
                0.3765738634634654
            ],
            [
                0.1289108931398991,
                0.48435642744040325,
                0.3867326794196975
            ],
            [
                0.12900749149919877,
                0.48397003400320465,
                0.3870224744975966
            ],
            [
                0.12872594416411584,
                0.4850962233435363,
                0.3861778324923478
            ],
            [
                0.12901047589295397,
                0.4839580964281839,
                0.38703142767886217
            ],
            [
                0.11908220475082955,
                0.483977112746405,
                0.3969406825027654
            ],
            [
                0.12889464217008137,
                0.48442143131967424,
                0.38668392651024436
            ],
            [
                0.11884060342566721,
                0.5048308190597196,
                0.37632857751461307
            ],
            [
                0.12883390674069722,
                0.48466437303721077,
                0.38650172022209195
            ],
            [
                0.1386189313014041,
                0.48512968373764176,
                0.37625138496095417
            ],
            [
                0.1586537552928515,
                0.48437529529823237,
                0.35697094940891605
            ],
            [
                0.1584592150352057,
                0.4850075511355812,
                0.35653323382921304
            ],
            [
                0.14862579071714715,
                0.49467231156169944,
                0.3567018977211533
            ],
            [
                0.1489173580997204,
                0.5036088063342652,
                0.34747383556601447
            ],
            [
                0.16846671901202404,
                0.4747802289625131,
                0.3567530520254628
            ],
            [
                0.1584585564395761,
                0.4850096915713776,
                0.3565317519890464
            ],
            [
                0.1687506207384473,
                0.47389512358013475,
                0.3573542556814179
            ],
            [
                0.15843434805311812,
                0.47518622207404604,
                0.3663794298728358
            ],
            [
                0.15858939207198255,
                0.47467263876155774,
                0.3667379691664598
            ],
            [
                0.1588434060426704,
                0.47383121748365425,
                0.36732537647367547
            ]
        ],
        "lambdas": [
            7.5260808775383214,
            8.484743781629888,
            7.944101471415083,
            11.356942024511095,
            10.637734490077143,
            9.535461611476443,
            11.090444315614182,
            11.442745843602221,
            12.467669186192808,
            14.376527497086474,
            14.68721821142767,
            15.747966495518785,
            17.956970634703374,
            18.61533320283616,
            18.233058306459313,
            20.90534804760676,
            22.567935025950018,
            24.308481409401377,
            24.447381952509886,
            24.47001825291422,
            27.90655642252002,
            29.880323973390986,
            32.27786318215518,
            31.35101177970961,
            34.82245031398183,
            35.041736175593016,
            33.92268496515632,
            33.43163764426193,
            34.79747660651923,
            37.09508145180622
        ],
        "betas": [
            25.834594071952097,
            26.719762770868797,
            27.430907586858062,
            28.109060135555886,
            28.917988850479325,
            29.48482419780997,
            29.91313228940885,
            30.45165864318153,
            31.111037189087817,
            31.457434938683726,
            31.775722875646224,
            32.07652249913415,
            32.39966760808092,
            32.717228822855255,
            33.062111719243745,
            33.29937919431715,
            33.60992686947135,
            33.799873090706726,
            34.11096251441545,
            34.50085647556409,
            34.84396219387399,
            35.08308673804991,
            35.2517569412276,
            35.43318042424798,
            35.746983850646274,
            35.93647914449451,
            36.18950853806662,
            36.34596311775894,
            36.51309734288618,
            36.66314242047471
        ]
    },
    {
        "T": 335,
        "best_arm": 1,
        "w_s": [
            [
                0.13884620692342425,
                0.46445034472393476,
                0.39670344835264093
            ],
            [
                0.1592709140018577,
                0.46246066524373003,
                0.3782684207544122
            ],
            [
                0.21823922059510792,
                0.4444819839397254,
                0.3372787954651668
            ],
            [
                0.20812008671135188,
                0.4351026217834735,
                0.3567772915051747
            ],
            [
                0.22817668293660068,
                0.4543601060211723,
                0.3174632110422271
            ],
            [
                0.2381038423713895,
                0.45434536123223235,
                0.3075507963963781
            ],
            [
                0.2383013075409534,
                0.4538928368853151,
                0.30780585557373147
            ],
            [
                0.257914252268525,
                0.45441215866273554,
                0.2876735890687394
            ],
            [
                0.24798121671016857,
                0.45444132323762915,
                0.2975774600522023
            ],
            [
                0.2290283434759127,
                0.45232352647064344,
                0.3186481300534438
            ],
            [
                0.23815050274387675,
                0.4343925559832926,
                0.3274569412728306
            ],
            [
                0.24755326838620706,
                0.43557854807944796,
                0.3168681835343451
            ],
            [
                0.25776755375912486,
                0.41506593570044753,
                0.3271665105404277
            ],
            [
                0.2580719885404307,
                0.43422679435367134,
                0.3077012171058981
            ],
            [
                0.24789946137322624,
                0.4447052065239731,
                0.30739533210280057
            ],
            [
                0.24789307477459874,
                0.4447195125048988,
                0.30738741272050246
            ],
            [
                0.27751899803834224,
                0.45487339671039917,
                0.26760760525125854
            ],
            [
                0.30838838871836793,
                0.4429112977990773,
                0.24870031348255475
            ],
            [
                0.2981259569790668,
                0.44349821363907543,
                0.2583758293818579
            ],
            [
                0.29741295353395353,
                0.43491538828548826,
                0.26767165818055816
            ],
            [
                0.29717607285044134,
                0.455177199774191,
                0.24764672737536775
            ],
            [
                0.30720986576346987,
                0.4351302468220072,
                0.25765988741452306
            ],
            [
                0.29709193927175065,
                0.43552531538367384,
                0.26738274534457557
            ],
            [
                0.26839523280793737,
                0.4731500985621971,
                0.2584546686298656
            ],
            [
                0.288169644428987,
                0.4435344797233355,
                0.26829587584767756
            ]
        ],
        "lambdas": [
            3.0062514987707227,
            6.666668173733186,
            6.783308206720294,
            12.631969937367074,
            14.864074543579058,
            17.783301802862567,
            19.14143331330698,
            18.984492220653106,
            21.903631804293127,
            22.99400081143096,
            24.790205687466376,
            25.83125716598138,
            22.908052071985956,
            24.5044627710814,
            27.035038248677125,
            29.377458720079645,
            25.697733917487547,
            25.887378503503978,
            28.906776011620796,
            28.743264585759114,
            29.61436727897833,
            31.70083806488889,
            32.606242675465225,
            33.46826950134358,
            35.74006462281048,
            37.23656659153601
        ],
        "betas": [
            27.095394923091987,
            28.38864925294209,
            29.129210444931115,
            30.238895463296643,
            30.873191390886262,
            31.63473638192185,
            32.18132305192121,
            32.62525859637161,
            33.00870195898335,
            33.32546736719415,
            33.63525240644193,
            33.959576184724966,
            34.26025228425205,
            34.57727625614875,
            34.808991144059945,
            35.01478236900004,
            35.26030970470053,
            35.51709633128168,
            35.78415911653072,
            35.97497539130826,
            36.178572377351685,
            36.33016005609076,
            36.55169449881399,
            36.75048756234198,
            36.896837480286024,
            37.00395963818224
        ]
    },
    {
        "T": 382,
        "best_arm": 1,
        "w_s": [
            [
                0.04966791882546326,
                0.5331215630406452,
                0.41721051813389154
            ],
            [
                0.059472904333286926,
                0.5143046146114899,
                0.42622248105522315
            ],
            [
                0.0594201660922054,
                0.5246386712623565,
                0.41594116264543796
            ],
            [
                0.059528402390661074,
                0.5138513804762677,
                0.42662021713307124
            ],
            [
                0.07921782486012753,
                0.5246930508392347,
                0.39608912430063786
            ],
            [
                0.0891755749445784,
                0.524396933628915,
                0.38642749142650656
            ],
            [
                0.07941144941761459,
                0.5136048723171104,
                0.406983678265275
            ],
            [
                0.08927808460865769,
                0.523850215420492,
                0.3868716999708502
            ],
            [
                0.08916918505625453,
                0.5046156385763635,
                0.4062151763673819
            ],
            [
                0.09909231368997584,
                0.494629200181123,
                0.4062784861289012
            ],
            [
                0.13896517546916226,
                0.4838436339716828,
                0.3771911905591549
            ],
            [
                0.16858625375014136,
                0.4744075618377945,
                0.35700618441206416
            ],
            [
                0.15895006055669342,
                0.4834123031907463,
                0.3576376362525603
            ],
            [
                0.1888929433862018,
                0.48302983915355285,
                0.3280772174602453
            ],
            [
                0.18822899440261698,
                0.4749401735084893,
                0.33683083208889364
            ],
            [
                0.16863733251938046,
                0.4742483162631078,
                0.35711435121751167
            ],
            [
                0.16883205679529775,
                0.4935038296141067,
                0.3376641135905956
            ],
            [
                0.16841667061679208,
                0.4650293992172485,
                0.3665539301659594
            ],
            [
                0.16910003729706516,
                0.4926998881088045,
                0.33820007459413043
            ],
            [
                0.16864629511827267,
                0.47422037404303213,
                0.3571333308386952
            ],
            [
                0.15851018430251773,
                0.47493501449790976,
                0.36655480119957246
            ],
            [
                0.1485888240523383,
                0.514609841429028,
                0.3368013345186336
            ],
            [
                0.1584282537580104,
                0.4752064094265904,
                0.36636533681539923
            ],
            [
                0.17909933145148413,
                0.4527520427871318,
                0.36814862576138413
            ],
            [
                0.16858124966770618,
                0.4942562509968814,
                0.3371624993354125
            ],
            [
                0.16845742482800588,
                0.48471846523198187,
                0.3468241099400122
            ],
            [
                0.178776737801305,
                0.47360182758504615,
                0.34762143461364875
            ],
            [
                0.20885164562357386,
                0.46295291125366717,
                0.32819544312275895
            ],
            [
                0.20793580181829918,
                0.4455045284845354,
                0.3465596696971654
            ],
            [
                0.21804758735163632,
                0.46479228559143815,
                0.3171601270569256
            ],
            [
                0.21821940548812938,
                0.4842086779371488,
                0.29757191657472193
            ],
            [
                0.2182917453516447,
                0.4641929886823267,
                0.31751526596602864
            ],
            [
                0.22835490893745747,
                0.44400543910879925,
                0.32763965195374334
            ],
            [
                0.23807224834341828,
                0.45441776421299973,
                0.307509987443582
            ]
        ],
        "lambdas": [
            1.5591157303903174,
            2.267430919555374,
            3.2520633095748046,
            3.769237206039736,
            5.936503603710393,
            7.921614893982623,
            8.868571543271118,
            10.297772511587194,
            11.011610857374599,
            12.354328390074485,
            12.078920834847494,
            14.169820791663408,
            16.489462513882067,
            16.26607339739177,
            19.666239891228464,
            20.23448068502828,
            22.595727652732897,
            20.33438412981204,
            22.0737572955187,
            24.996924359520317,
            25.126723847740664,
            27.083511131537954,
            27.74667992209767,
            26.015886838671435,
            29.486565489932083,
            30.201070432908356,
            31.52390196714596,
            29.640627378562307,
            33.507996789604555,
            34.8726331587614,
            34.994759931579836,
            33.31983590027249,
            35.605157123567004,
            36.646467861657236,
            37.79316861141152
        ],
        "betas": [
            25.79919491775329,
            26.67263022097783,
            27.446292278104373,
            28.024527923860145,
            28.520130264092096,
            28.94977496775637,
            29.47575388747919,
            29.868606213430184,
            30.426464776114557,
            30.873379723670432,
            31.363035017090624,
            32.13014501403546,
            32.675217627323036,
            32.97342882810989,
            33.41521649127027,
            33.74426607005162,
            33.99843815639918,
            34.18905851600783,
            34.46227957359655,
            34.66776093139289,
            34.930551567686166,
            35.12330089507036,
            35.27722297734262,
            35.52462524579256,
            35.88304751455169,
            36.025965442515975,
            36.1755620620284,
            36.43262792568585,
            36.745766047068926,
            36.96194326896956,
            37.11728807938291,
            37.25191297542351,
            37.46291099586778,
            37.655426505965295,
            37.70088300812041
        ]
    },
    {
        "T": 380,
        "best_arm": 1,
        "w_s": [
            [
                0.2577993473010676,
                0.4744859458862851,
                0.26771470681264714
            ],
            [
                0.17905839943474652,
                0.49266786826821807,
                0.3282737322970354
            ],
            [
                0.11900824751367772,
                0.5140496559858158,
                0.3669420965005065
            ],
            [
                0.12895261781713505,
                0.4941089608712392,
                0.37693842131162575
            ],
            [
                0.12885792118841943,
                0.4944804630300466,
                0.37666161578153395
            ],
            [
                0.12894406432791652,
                0.4842237426883337,
                0.3868321929837498
            ],
            [
                0.1388577091374777,
                0.4743243868366914,
                0.3868179040258309
            ],
            [
                0.17833297264279582,
                0.4550936947025682,
                0.36657333265463593
            ],
            [
                0.20799116774052595,
                0.4552612273462414,
                0.3367476049132326
            ],
            [
                0.24805073322832902,
                0.4245222989102767,
                0.32742696786139436
            ],
            [
                0.24863783872467346,
                0.4529967548057183,
                0.2983654064696082
            ],
            [
                0.2378629572298092,
                0.4350754765792032,
                0.3270615661909877
            ],
            [
                0.19811124500262364,
                0.465099638492916,
                0.33678911650446025
            ],
            [
                0.19908926071552657,
                0.45250453303230187,
                0.34840620625217156
            ],
            [
                0.19822532874329427,
                0.45488034595594073,
                0.346894325300765
            ],
            [
                0.2081079610025781,
                0.45495534023134293,
                0.3369366987660789
            ],
            [
                0.1883685985161424,
                0.45472247797958765,
                0.3569089235042699
            ],
            [
                0.18812559668429005,
                0.4554259043349498,
                0.3564484989807602
            ],
            [
                0.19833482789713494,
                0.4545792232828788,
                0.3470859488199862
            ],
            [
                0.1982538227925999,
                0.4548019873203502,
                0.3469441898870499
            ],
            [
                0.188459118632911,
                0.454460446062626,
                0.3570804353044631
            ],
            [
                0.20809235835143336,
                0.44508704439617774,
                0.346820597252389
            ],
            [
                0.22826678592636201,
                0.4342953566172766,
                0.3374378574563613
            ],
            [
                0.23801588559957307,
                0.4545469288343118,
                0.3074371855661152
            ],
            [
                0.25779970259850454,
                0.41499298256493194,
                0.3272073148365635
            ],
            [
                0.2476484866800189,
                0.4551733293039583,
                0.2971781840160227
            ],
            [
                0.257655690988596,
                0.43513944667884724,
                0.3072048623325568
            ],
            [
                0.23803483336663744,
                0.474339742982009,
                0.2876254236513536
            ],
            [
                0.23821802140009532,
                0.47393520274145623,
                0.28784677585844853
            ],
            [
                0.23775619226894848,
                0.4749550754060722,
                0.2872887323249794
            ],
            [
                0.24785103891710386,
                0.4448136728256874,
                0.30733528825720885
            ],
            [
                0.24756860653334065,
                0.4553490656266506,
                0.2970823278400088
            ],
            [
                0.2586612226313477,
                0.45283202904907205,
                0.2885067483195802
            ],
            [
                0.2486643113697591,
                0.4728316598961107,
                0.2785040287341302
            ],
            [
                0.24830558610774786,
                0.47359215745157446,
                0.27810225644067765
            ]
        ],
        "lambdas": [
            5.9783654914490025,
            9.203554964316282,
            8.755863126574319,
            10.772158328681583,
            12.07845759770122,
            12.947604014308308,
            15.255991591677727,
            13.635364485186331,
            16.134338851556777,
            16.68565176846173,
            19.23504605932669,
            18.058462078719515,
            17.10080368999631,
            16.587507901493556,
            18.819550399415444,
            20.822573112564502,
            21.293134166253267,
            21.822216255510284,
            23.65174861173095,
            25.691615088163985,
            24.016993213902417,
            25.410789988973875,
            26.69370497840687,
            26.30867831377794,
            26.76717385808013,
            28.80470026144866,
            30.769514156927617,
            30.860862548963567,
            32.07475657793077,
            33.54226767620249,
            32.988370468327666,
            33.759139663023504,
            35.06598093580223,
            36.407162880592125,
            37.833065173680076,
            37.833065173680076
        ],
        "betas": [
            23.667549986063054,
            25.690751809420014,
            26.74712297867696,
            27.430907586858062,
            28.23738684955361,
            28.86214765968207,
            29.495854559186192,
            30.006591956404087,
            30.812966030766844,
            31.362494376920225,
            31.934857771073318,
            32.27589812049101,
            32.657931435010994,
            32.975536518079366,
            33.27572427634265,
            33.54007519676943,
            33.85066345896002,
            34.10741452696732,
            34.33125035937529,
            34.631590900190886,
            34.87728112208406,
            35.084501476238955,
            35.38452198012217,
            35.69008433487138,
            35.88175483889901,
            36.15313033814907,
            36.30471801688813,
            36.55169449881399,
            36.69259782071521,
            36.824224257854354,
            36.98439418480537,
            37.19072485866681,
            37.377262549827535,
            37.561300347268045,
            37.67627452910341,
            37.67627452910341
        ]
    },
    {
        "T": 231,
        "best_arm": 1,
        "w_s": [
            [
                0.23770286219267173,
                0.43545570229240455,
                0.3268414355149236
            ],
            [
                0.2479610460018975,
                0.45448569879582557,
                0.29755325520227704
            ],
            [
                0.21834004882459757,
                0.46407442561235135,
                0.31758552556305103
            ],
            [
                0.28785589727498123,
                0.43421427087331294,
                0.277929831851706
            ],
            [
                0.23775505646241202,
                0.455144662273639,
                0.3071002812639489
            ],
            [
                0.18832339639169157,
                0.4647650839394028,
                0.3469115196689056
            ],
            [
                0.18823872892962434,
                0.47491301930157415,
                0.33684825176880157
            ],
            [
                0.1587716406121247,
                0.4839921680105946,
                0.35723619137728074
            ],
            [
                0.16878645659917907,
                0.4837120151083932,
                0.34750152829242764
            ],
            [
                0.1784512582580807,
                0.49438810160210456,
                0.3271606401398147
            ],
            [
                0.16863783325126763,
                0.47424675515781256,
                0.3571154115909198
            ],
            [
                0.1587401577580851,
                0.48409448728622323,
                0.35716535495569157
            ],
            [
                0.1585076142120719,
                0.4947569796990206,
                0.34673540608890746
            ],
            [
                0.14866897612001956,
                0.48461421611726524,
                0.3667168077627151
            ],
            [
                0.1589606177698907,
                0.49331303085847333,
                0.34772635137163604
            ],
            [
                0.17823612702751843,
                0.4751936259745289,
                0.3465702469979526
            ],
            [
                0.16843971936944765,
                0.48477262310521885,
                0.3467876575253335
            ],
            [
                0.1586208949085446,
                0.4844820915472299,
                0.35689701354422554
            ],
            [
                0.16838107359286478,
                0.47504724115165664,
                0.3565716852554785
            ],
            [
                0.16867305884352143,
                0.47413693419372716,
                0.3571900069627514
            ],
            [
                0.16879491728272275,
                0.4836861353704951,
                0.34751894734678224
            ]
        ],
        "lambdas": [
            0.31609716478451455,
            2.596257344125219,
            5.97464323183034,
            5.723864201365061,
            9.358508690100663,
            8.843902063536959,
            11.64275824295489,
            11.066414953045996,
            14.349751660277853,
            15.930240863711893,
            17.28453757785543,
            18.887025236320927,
            21.76878462467497,
            23.34970501910645,
            25.927643236573033,
            27.726465174032718,
            28.988726762890856,
            28.821592784776314,
            31.50370759199626,
            32.51921081470301,
            34.29724031315193,
            34.54846323048846
        ],
        "betas": [
            22.272017733230577,
            24.412900556633403,
            25.763157906747935,
            27.11891732360625,
            28.0069736092912,
            28.679918082533625,
            29.240187816166422,
            29.77265920490443,
            30.243029297606476,
            30.68802549461982,
            31.179258308952356,
            31.606568119180498,
            31.923898839544066,
            32.28828206098685,
            32.599736971357345,
            32.96524048504456,
            33.39850263698498,
            33.6315095268865,
            33.872978892701326,
            34.19177198545077,
            34.45671032934237,
            34.4746476693079
        ]
    },
    {
        "T": 161,
        "best_arm": 1,
        "w_s": [
            [
                0.27812295923323677,
                0.473552970022802,
                0.24832407074396137
            ],
            [
                0.2972319906689462,
                0.4550746837735988,
                0.2476933255574551
            ],
            [
                0.20885834907499548,
                0.49277258081786807,
                0.2983690701071364
            ],
            [
                0.2184331735790962,
                0.47377462728672287,
                0.307792199134181
            ],
            [
                0.21785528989660355,
                0.4751668016127278,
                0.30697790849066864
            ],
            [
                0.2478696951559294,
                0.4745162462694296,
                0.277614058574641
            ],
            [
                0.21806706646927954,
                0.4845687519817029,
                0.29736418154901756
            ],
            [
                0.21812528964999783,
                0.4844311335545506,
                0.29744357679545164
            ],
            [
                0.19838479688914873,
                0.49411876793267073,
                0.3074964351781806
            ],
            [
                0.19849315254569191,
                0.4938424610084856,
                0.3076643864458225
            ],
            [
                0.20855794423465376,
                0.4835708047522859,
                0.3078712510130604
            ]
        ],
        "lambdas": [
            7.138756016517873,
            11.028855440781951,
            10.920985939471771,
            14.731022381590034,
            17.68216675851625,
            18.76435818133156,
            22.673513364115756,
            25.726478908552497,
            27.059295072733548,
            28.83405588399471,
            32.20944385058146,
            32.844145880555054
        ],
        "betas": [
            25.763157906747935,
            27.272839405878507,
            28.433160040212616,
            29.29759462737181,
            29.88163557547257,
            30.4100712417062,
            30.968267899226973,
            31.37586907616913,
            31.778479595586468,
            32.119265567443826,
            32.45414281964832,
            32.51211789339482
        ]
    },
    {
        "T": 291,
        "best_arm": 1,
        "w_s": [
            [
                0.2776274119688975,
                0.444745176062205,
                0.2776274119688975
            ],
            [
                0.33674813393770886,
                0.46516472845187423,
                0.19808713761041694
            ],
            [
                0.20852514197306551,
                0.453862723403876,
                0.3376121346230585
            ],
            [
                0.15870021306846643,
                0.4941430708442631,
                0.34715671608727044
            ],
            [
                0.13899808330322394,
                0.4737929703520806,
                0.3872089463446955
            ],
            [
                0.10894868333930416,
                0.5047787120940717,
                0.3862726045666241
            ],
            [
                0.13908403502189398,
                0.4635330077726944,
                0.3973829572054116
            ],
            [
                0.12955840869452104,
                0.4917323966599556,
                0.3787091946455233
            ],
            [
                0.13900017652366445,
                0.4837136300549604,
                0.3772861934213751
            ],
            [
                0.13882575345917447,
                0.48436148715163757,
                0.37681275938918807
            ],
            [
                0.1291993291708861,
                0.48320268331645533,
                0.3875979875126586
            ],
            [
                0.12886268686655977,
                0.4845492525337608,
                0.38658806059967954
            ],
            [
                0.12900482406968167,
                0.4939041517266332,
                0.3770910242036851
            ],
            [
                0.11882728180701103,
                0.5147885992880381,
                0.36638411890495093
            ],
            [
                0.11895086909862537,
                0.4944588063308419,
                0.38659032457053266
            ],
            [
                0.1190205264031975,
                0.5040811399866767,
                0.3768983336101257
            ],
            [
                0.12874618100386745,
                0.4949188283694428,
                0.37633499062668974
            ],
            [
                0.14892345924595085,
                0.47380377733097345,
                0.3772727634230757
            ],
            [
                0.20829859793624522,
                0.4842129955864403,
                0.3074884064773144
            ],
            [
                0.22796134474821286,
                0.4647864079824567,
                0.3072522472693304
            ],
            [
                0.198316713803425,
                0.46454487273075246,
                0.3371384134658226
            ],
            [
                0.19874458018256652,
                0.46338963350707024,
                0.3378657863103631
            ],
            [
                0.1785296301362497,
                0.47432942237659786,
                0.3471409474871523
            ],
            [
                0.18863536296429592,
                0.4738066190995956,
                0.33755801793610857
            ],
            [
                0.1980340246231014,
                0.46530813351762607,
                0.3366578418592725
            ],
            [
                0.19847595302529641,
                0.46411492683169964,
                0.33740912014300395
            ],
            [
                0.19834707504958818,
                0.4644628973661118,
                0.33719002758429995
            ],
            [
                0.19855297143664413,
                0.4639069771210608,
                0.3375400514422951
            ]
        ],
        "lambdas": [
            2.2282804687342797,
            4.076952099119264,
            5.6108131736462425,
            6.068295324502834,
            6.343477537931269,
            4.311677350842213,
            6.82131506096581,
            8.426798950424107,
            10.411569990938492,
            13.55077246257439,
            13.463747383286861,
            15.033713719342241,
            17.70466395698029,
            19.435388670337606,
            20.541917420427673,
            21.404559734781245,
            23.482428880802203,
            23.899585048103468,
            20.16291558104023,
            22.82718744012029,
            28.307564900044923,
            29.39540580793612,
            27.88114694602966,
            30.18784300346725,
            30.337939685165143,
            32.54053119809868,
            34.10286605833153,
            35.59350595668978,
            36.102634537376346
        ],
        "betas": [
            21.595366122689505,
            23.56593332941172,
            25.045763528108935,
            26.09726607607427,
            26.969470231214377,
            27.75459363775889,
            28.347125270045236,
            28.86214765968207,
            29.416162742091792,
            30.06668231326686,
            30.526734481819666,
            30.960590346612644,
            31.288030608299465,
            31.713309804004595,
            31.981279824469922,
            32.33794045876971,
            32.64554749451516,
            33.05016119286358,
            33.51737680193605,
            34.03356213007959,
            34.43046400752727,
            34.65059831410638,
            34.865375059496635,
            35.062981430010986,
            35.268770276336255,
            35.55314873631646,
            35.76405844482372,
            35.98616939571037,
            36.006270067417375
        ]
    },
    {
        "T": 269,
        "best_arm": 1,
        "w_s": [
            [
                0.4183532725433929,
                0.48203880542246597,
                0.0996079220341411
            ],
            [
                0.36640134449364065,
                0.45534935277972344,
                0.17824930272663592
            ],
            [
                0.3366930662372589,
                0.46525218891729486,
                0.19805474484544636
            ],
            [
                0.31703090796993005,
                0.48482477454886375,
                0.19814431748120623
            ],
            [
                0.3772874665603491,
                0.46385465278266197,
                0.15885788065698905
            ],
            [
                0.3679867404128376,
                0.4529926831701065,
                0.17902057641705604
            ],
            [
                0.376949031480772,
                0.4345764527788421,
                0.18847451574038596
            ],
            [
                0.29756025776601475,
                0.4445541855034392,
                0.2578855567305461
            ],
            [
                0.27762257023597625,
                0.43483976773390554,
                0.28753766203011827
            ],
            [
                0.2180701148176202,
                0.4449124350096939,
                0.3370174501726858
            ],
            [
                0.23847833071379584,
                0.4534871587808845,
                0.30803451050531966
            ],
            [
                0.2281246376738365,
                0.454484562084304,
                0.3173908002418595
            ],
            [
                0.19836417710102325,
                0.4544985129721861,
                0.34713730992679076
            ],
            [
                0.2079885633329244,
