[
    {
        "T": 1636,
        "best_arm": 0,
        "w_s": [
            [
                0.37453970252821006,
                0.2777847912676021,
                0.17690150751056258,
                0.17077399869362522
            ],
            [
                0.41455999616413725,
                0.2637707022030846,
                0.16272663121941844,
                0.15894267041335977
            ],
            [
                0.4247997246573082,
                0.25943105741376027,
                0.15957401545339522,
                0.15619520247553625
            ],
            [
                0.4230842632560588,
                0.25998406529542134,
                0.16018634217764707,
                0.1567453292708729
            ],
            [
                0.41176409352733817,
                0.264596154877858,
                0.1637852715281331,
                0.15985448006667094
            ],
            [
                0.41522067419600867,
                0.2629465058352041,
                0.16282873687133692,
                0.15900408309745032
            ],
            [
                0.42162479476907133,
                0.2604345962693674,
                0.1607961652191621,
                0.15714444374239905
            ],
            [
                0.42933237048626416,
                0.2572768622651303,
                0.15843236677246048,
                0.15495840047614512
            ],
            [
                0.442388463208504,
                0.25174108501380205,
                0.1545418353762325,
                0.1513286164014615
            ],
            [
                0.42125986419278616,
                0.26017873143115555,
                0.16108273362796116,
                0.15747867074809713
            ],
            [
                0.4251143680721767,
                0.25868979262913117,
                0.15986758434274032,
                0.15632825495595187
            ],
            [
                0.4264205016720293,
                0.25814930353005283,
                0.15947546919494318,
                0.15595472560297488
            ],
            [
                0.4295131905915993,
                0.2569113166735336,
                0.15852701765878335,
                0.15504847507608377
            ],
            [
                0.4279579160807404,
                0.2575868396562463,
                0.15903346681380987,
                0.15542177744920332
            ],
            [
                0.4288269521842601,
                0.25721292550271585,
                0.1587750692916458,
                0.15518505302137808
            ],
            [
                0.42261078011463044,
                0.2596767529008693,
                0.1607250428108327,
                0.1569874241736676
            ],
            [
                0.44003761165324135,
                0.2527654325896786,
                0.15527256586114252,
                0.15192438989593748
            ],
            [
                0.44103229643546565,
                0.25235775752709927,
                0.15496857528476957,
                0.15164137075266554
            ],
            [
                0.4475783652081851,
                0.2496621888579601,
                0.15297818846046962,
                0.14978125747338522
            ],
            [
                0.4504571280038413,
                0.24845677276263506,
                0.15211379147019685,
                0.14897230776332684
            ],
            [
                0.4519249622281971,
                0.2478321786161346,
                0.15167857177285438,
                0.14856428738281394
            ],
            [
                0.45348946977428833,
                0.24716042124955503,
                0.15121828497681267,
                0.14813182399934394
            ],
            [
                0.45606419330439785,
                0.24604178321254475,
                0.15046804402157526,
                0.14742597946148212
            ],
            [
                0.4568908025577759,
                0.24567816877174176,
                0.15022978209307797,
                0.14720124657740424
            ],
            [
                0.4581560346492382,
                0.2451190118664307,
                0.1498664233854309,
                0.1468585300989002
            ],
            [
                0.4564529762981017,
                0.24588837700207986,
                0.1503366626015249,
                0.1473219840982936
            ],
            [
                0.4576480531387721,
                0.24534827712594998,
                0.150003869764109,
                0.14699979997116894
            ],
            [
                0.45290406676783135,
                0.24746372586550597,
                0.15133981219807402,
                0.1482923951685887
            ],
            [
                0.4516265651655938,
                0.2480231471586764,
                0.1517047009678887,
                0.148645586707841
            ],
            [
                0.4497391438191243,
                0.24886029787857,
                0.15224421941981217,
                0.14915633888249366
            ],
            [
                0.45153291378523475,
                0.24805478761251443,
                0.15173632840736676,
                0.14867597019488404
            ],
            [
                0.44975514024594093,
                0.24884777546779457,
                0.15224207564794578,
                0.14915500863831876
            ],
            [
                0.4514697025609942,
                0.24807769164015483,
                0.1517570835130398,
                0.14869552228581104
            ],
            [
                0.45254706988439514,
                0.24759102474276343,
                0.1514539379898934,
                0.14840796738294806
            ],
            [
                0.456208233182493,
                0.24593215261628823,
                0.15042672357053588,
                0.147432890630683
            ],
            [
                0.4618537274154335,
                0.2433676847734311,
                0.14884697129809552,
                0.14593161651303996
            ],
            [
                0.46264851670553797,
                0.2430050367432315,
                0.14862551089251064,
                0.14572093565871982
            ],
            [
                0.4613129222311673,
                0.2436099461754805,
                0.148999864627375,
                0.14607726696597706
            ],
            [
                0.4645020810210202,
                0.24215749832066663,
                0.14811024318358795,
                0.14523017747472522
            ],
            [
                0.47012576370849163,
                0.23958585898181597,
                0.14654730159990967,
                0.14374107570978248
            ],
            [
                0.47488393245113986,
                0.23740701931788669,
                0.14522703306417561,
                0.142482015166798
            ],
            [
                0.47509579677782154,
                0.23730927613737002,
                0.14516867969536956,
                0.14242624738943885
            ],
            [
                0.47550612296623707,
                0.23712002151447575,
                0.1450555811815514,
                0.1423182743377358
            ],
            [
                0.47590090345305786,
                0.23693755940492756,
                0.14494702612026802,
                0.14221451102174665
            ],
            [
                0.47451876414236305,
                0.23757311660110772,
                0.14532864084521915,
                0.14257947841131002
            ],
            [
                0.466930890871302,
                0.24109250624415862,
                0.14738074641440724,
                0.1445958564701321
            ],
            [
                0.4679287664016393,
                0.2406322388334446,
                0.14710992065217637,
                0.14432907411273976
            ],
            [
                0.47031073069779916,
                0.23953329596293088,
                0.1464634094717278,
                0.1436925638675422
            ],
            [
                0.4769198525282097,
                0.23646966022372898,
                0.14467666166509813,
                0.14193382558296325
            ],
            [
                0.4765318413407063,
                0.23664561036449197,
                0.14478356073077836,
                0.14203898756402325
            ],
            [
                0.477377229410788,
                0.2362528046259847,
                0.14455552719339748,
                0.14181443876982974
            ],
            [
                0.4757015652836696,
                0.23702811246626368,
                0.14500554298767473,
                0.1422647792623919
            ],
            [
                0.47797378461334095,
                0.23597609376328166,
                0.14439458586568796,
                0.1416555357576894
            ],
            [
                0.4782682434161761,
                0.2358394811400152,
                0.14431555145028704,
                0.14157672399352164
            ],
            [
                0.47689798205012496,
                0.23647306974194013,
                0.14468467778782973,
                0.1419442704201051
            ],
            [
                0.47735870965836646,
                0.2362596192315056,
                0.14456077417935495,
                0.14182089693077296
            ],
            [
                0.47934217847321564,
                0.2353383787858815,
                0.144028538522696,
                0.1412909042182068
            ],
            [
                0.4796131494996989,
                0.2352122773650137,
                0.14395590894781235,
                0.1412186641874751
            ],
            [
                0.4819567346662262,
                0.23411397669341885,
                0.14333529077626486,
                0.14059399786409005
            ],
            [
                0.4803860625117966,
                0.23485168071228263,
                0.14374840004187606,
                0.14101385673404482
            ],
            [
                0.4810039209623645,
                0.23456114567206288,
                0.14358637942240907,
                0.14084855394316345
            ],
            [
                0.48392921825699875,
                0.23318740306513233,
                0.14281718667704563,
                0.1400661920008235
            ],
            [
                0.4853210063888236,
                0.23253361642362588,
                0.1424511675402531,
                0.1396942096472974
            ],
            [
                0.48567230672237494,
                0.23236840911318285,
                0.14235886932316677,
                0.13960041484127558
            ],
            [
                0.48448315819251614,
                0.23293115056549207,
                0.14266770555861305,
                0.13991798568337868
            ],
            [
                0.4846616228033943,
                0.2328462989042763,
                0.14262171623218972,
                0.1398703620601397
            ],
            [
                0.4852524857799958,
                0.2325649514452247,
                0.14246969303535068,
                0.13971286973942884
            ],
            [
                0.4866273964599338,
                0.23191014329011622,
                0.14211588344341217,
                0.13934657680653778
            ],
            [
                0.48810371079915554,
                0.2312063269836064,
                0.14173616194377814,
                0.13895380027345974
            ],
            [
                0.4921329626874655,
                0.22928480170519042,
                0.14069935885633958,
                0.13788287675100439
            ],
            [
                0.492369264160613,
                0.22917194084912093,
                0.14063860232175143,
                0.13782019266851464
            ],
            [
                0.4924408096264424,
                0.22913768724554606,
                0.1406202281246286,
                0.13780127500338302
            ],
            [
                0.49244258030999283,
                0.22913679481688434,
                0.14061978878402834,
                0.1378008360890943
            ],
            [
                0.4913793179015048,
                0.22964386325650596,
                0.14089397737874695,
                0.1380828414632422
            ],
            [
                0.48762195072502484,
                0.2314336450206088,
                0.14186680836728457,
                0.13907759588708174
            ],
            [
                0.4854552514307688,
                0.23247071712324605,
                0.14242211735841778,
                0.13965191408756744
            ],
            [
                0.4855993617993235,
                0.23240148776737884,
                0.14238539245772563,
                0.139613757975572
            ],
            [
                0.4856473519545026,
                0.2323769215278974,
                0.14237389188507324,
                0.1396018346325268
            ],
            [
                0.4893970071930535,
                0.23058176988333046,
                0.14141436563053605,
                0.1386068572930798
            ],
            [
                0.4895961269496561,
                0.23048651550059765,
                0.14136344586710706,
                0.13855391168263917
            ],
            [
                0.48964615119563926,
                0.2304626939072517,
                0.14135055860428786,
                0.13854059629282137
            ],
            [
                0.4886818246271997,
                0.2309196201150921,
                0.14159992698845522,
                0.13879862826925293
            ],
            [
                0.4842410326055297,
                0.23301533588339324,
                0.14275536237945166,
                0.1399882691316254
            ],
            [
                0.484547148917205,
                0.23287097092034922,
                0.14267546438373982,
                0.13990641577870594
            ],
            [
                0.48351136789431903,
                0.2333609524299124,
                0.14294402449801374,
                0.14018365517775494
            ],
            [
                0.4848082428428286,
                0.2327463943638762,
                0.1426082913658876,
                0.13983707142740764
            ],
            [
                0.48611971881653054,
                0.23212394615542534,
                0.14226914283378245,
                0.13948719219426173
            ],
            [
                0.48521979637264984,
                0.232549649931324,
                0.14250270343817242,
                0.13972785025785386
            ],
            [
                0.48631569179009854,
                0.23203053475710148,
                0.14221853672037355,
                0.13943523673242642
            ],
            [
                0.4865390263149823,
                0.23192460731451855,
                0.142160678988577,
                0.13937568738192202
            ],
            [
                0.48793294758390154,
                0.23126270605855292,
                0.14179969129647327,
                0.13900465506107224
            ],
            [
                0.4888100183528345,
                0.2308463466097101,
                0.1415724732164144,
                0.13877116182104107
            ],
            [
                0.48790367905074905,
                0.23127811679066704,
                0.14180560594972894,
                0.13901259820885506
            ],
            [
                0.48900208023909797,
                0.2307521238623168,
                0.1415256629908527,
                0.13872013290773266
            ],
            [
                0.49038366976443226,
                0.23009085500105256,
                0.14117294399380256,
                0.13835253124071248
            ],
            [
                0.4883418821838462,
                0.23106634750153454,
                0.141694421215108,
                0.13889734909951124
            ],
            [
                0.48620441090505456,
                0.2320920158342563,
                0.14223883879965152,
                0.1394647344610377
            ],
            [
                0.48656998103592847,
                0.23191587513086265,
                0.14214655065797147,
                0.13936759317523753
            ],
            [
                0.4877305259732278,
                0.23135804119169812,
                0.14185243060865754,
                0.13905900222641673
            ],
            [
                0.4877698730522548,
                0.23133903688972324,
                0.1418424977208692,
                0.13904859233715294
            ],
            [
                0.48874428084432586,
                0.23086980094840545,
                0.14159579950198198,
                0.1387901187052868
            ],
            [
                0.48894520337521347,
                0.23077300305364307,
                0.14154490827094027,
                0.13873688530020317
            ],
            [
                0.4899012374538874,
                0.2303121031384093,
                0.1413028179360909,
                0.13848384147161238
            ],
            [
                0.4898957218188625,
                0.2303134930388956,
                0.141304845469061,
                0.1384859396731809
            ],
            [
                0.48823793650556474,
                0.23110742545348428,
                0.1417275712665904,
                0.13892706677436062
            ],
            [
                0.4884732503182893,
                0.2309947517602212,
                0.1416675368104129,
                0.13886446111107661
            ],
            [
                0.4912100097345787,
                0.22968447878468393,
                0.14096913753525545,
                0.13813637394548198
            ],
            [
                0.49211214060086733,
                0.22925243493990627,
                0.14073885978312806,
                0.13789656467609857
            ],
            [
                0.49130037956687755,
                0.22964226261854376,
                0.14094643184926278,
                0.1381109259653159
            ],
            [
                0.48956192648873326,
                0.23047457758902026,
                0.14139234838070294,
                0.1385711475415434
            ],
            [
                0.4905928042567416,
                0.22998140432795097,
                0.1411278381099455,
                0.13829795330536193
            ],
            [
                0.48819995829727786,
                0.23112662924763538,
                0.14173960330687752,
                0.1389338091482093
            ],
            [
                0.4874183681696259,
                0.2315005991864366,
                0.14193879118259112,
                0.13914224146134632
            ],
            [
                0.4875290449622468,
                0.2314475419155869,
                0.1419106255672336,
                0.13911278755493278
            ],
            [
                0.4893407641079009,
                0.23057900403249076,
                0.14144944745945487,
                0.13863078440015333
            ],
            [
                0.4912329432871668,
                0.22967140169943978,
                0.14096777574358169,
                0.13812787926981165
            ],
            [
                0.4910856634580977,
                0.2297420387923162,
                0.141005281872876,
                0.13816701587671004
            ],
            [
                0.49276499191448814,
                0.22893650058788398,
                0.1405774814528585,
                0.13772102604476946
            ],
            [
                0.49383603199547144,
                0.22842238898067538,
                0.14030458689696418,
                0.1374369921268889
            ],
            [
                0.49368208670400593,
                0.22849626659672684,
                0.14034382790724956,
                0.1374778187920176
            ],
            [
                0.49535146854187356,
                0.22769427847988083,
                0.1399186714885285,
                0.13703558148971695
            ],
            [
                0.49533451749618895,
                0.22770242102289692,
                0.13992299245639944,
                0.13704006902451468
            ],
            [
                0.49538673737391936,
                0.2276773052518715,
                0.1399096931071628,
                0.1370262642670464
            ],
            [
                0.4939119238061246,
                0.22838779202969678,
                0.14028604278856277,
                0.13741424137561578
            ],
            [
                0.49325648108598263,
                0.22870265355092959,
                0.1404536963941629,
                0.1375871689689248
            ],
            [
                0.4916039293171228,
                0.22949917222593527,
                0.1408732880626933,
                0.13802361039424876
            ],
            [
                0.491647645269437,
                0.22947707560583314,
                0.1408628213574194,
                0.13801245776731055
            ],
            [
                0.4896479620030928,
                0.2304366769033903,
                0.14137182239956156,
                0.13854353869395553
            ],
            [
                0.48963101647757606,
                0.2304447902034563,
                0.1413761452831084,
                0.13854804803585938
            ],
            [
                0.48744295802733106,
                0.23149499611273425,
                0.1419307866280811,
                0.13913125923185368
            ],
            [
                0.48754038465146,
                0.23144818612963228,
                0.14190617190415641,
                0.1391052573147514
            ],
            [
                0.4870030638909839,
                0.231707165742742,
                0.14204208829281798,
                0.13924768207345606
            ],
            [
                0.48631030963053407,
                0.23204062223079822,
                0.14221750391488555,
                0.13943156422378217
            ],
            [
                0.4849909911870896,
                0.23267380847602498,
                0.1425525032971934,
                0.1397826970396921
            ],
            [
                0.4875193010828816,
                0.23146157669298853,
                0.14190977052382103,
                0.1391093517003088
            ],
            [
                0.48804776589143883,
                0.23120831992431626,
                0.1417753372557505,
                0.13896857692849449
            ],
            [
                0.4860354963365506,
                0.23217003051309282,
                0.14228914919385968,
                0.1395053239564969
            ],
            [
                0.4860918413920832,
                0.2321430517815622,
                0.14227475241178927,
                0.13949035441456542
            ],
            [
                0.48628331399717506,
                0.23205133185212232,
                0.14222582368596806,
                0.13943953046473456
            ],
            [
                0.4863617232695124,
                0.23201372564747758,
                0.14220580056148396,
                0.13941875052152597
            ],
            [
                0.4863803400613293,
                0.23200479105013713,
                0.14220104890422802,
                0.13941381998430555
            ],
            [
                0.4859443711189293,
                0.23221354941815958,
                0.14231256561702463,
                0.1395295138458866
            ],
            [
                0.48467320839394584,
                0.23282180811180486,
                0.1426376959814725,
                0.1398672875127768
            ],
            [
                0.4847293888129788,
                0.2327949763918496,
                0.1426233001691445,
                0.13985233462602709
            ],
            [
                0.4847569583015096,
                0.23278200538100835,
                0.14261613996997655,
                0.13984489634750533
            ],
            [
                0.4863799735612426,
                0.23200676893087452,
                0.14220075756798653,
                0.13941249993989627
            ],
            [
                0.48558864145609426,
                0.23238428790689575,
                0.14240351550363228,
                0.13962355513337757
            ],
            [
                0.4879900456889807,
                0.23123888352531746,
                0.14178778515821316,
                0.1389832856274887
            ],
            [
                0.4877665894803896,
                0.231345659389133,
                0.1418449859350638,
                0.13904276519541364
            ],
            [
                0.4884975360699805,
                0.23099779613774463,
                0.14165714459604917,
                0.13884752319622562
            ],
            [
                0.4874454674775048,
                0.23149753976130547,
                0.141928101135336,
                0.1391288916258537
            ],
            [
                0.48800952348199117,
                0.23122995978206456,
                0.14178266454470667,
                0.13897785219123754
            ],
            [
                0.4880790606196949,
                0.23119693521016896,
                0.14176474251861002,
                0.13895926165152608
            ],
            [
                0.4874176020556405,
                0.23151067108563486,
                0.14193547836148498,
                0.13913624849723968
            ],
            [
                0.48759334067247606,
                0.231427283621882,
                0.14189012908923104,
                0.139089246616411
            ],
            [
                0.4883317092594975,
                0.23107674618448854,
                0.14169961679626233,
                0.13889192775975173
            ],
            [
                0.4869038543845025,
                0.23175449695829356,
                0.1420686377866922,
                0.13927301087051167
            ]
        ],
        "lambda_lbs": [
            0.4281687261904637,
            1.0918156525784224,
            1.754910782746567,
            1.8642083536846048,
            2.178816935733959,
            2.5659794922008587,
            3.617092501000828,
            3.6852481020782424,
            3.8874019773098087,
            3.705520446405892,
            4.309838226723509,
            4.965214030140105,
            5.789662676264655,
            5.865399500580045,
            6.422926874184773,
            6.333048862972968,
            5.7398721342660135,
            6.425814910275537,
            6.898481012287156,
            7.797969768512075,
            8.850724949921737,
            9.19083058062445,
            9.194631619041981,
            9.001271681042672,
            9.69585805423305,
            10.236381095935116,
            9.726388256279721,
            9.691757358241263,
            9.417291327331121,
            10.561096191244996,
            11.538303241848936,
            11.057652540253223,
            11.914856755464992,
            11.784812206667878,
            13.289308412890408,
            12.920422706208297,
            12.890811337079624,
            13.657102356380557,
            13.765828662552398,
            13.242025638984483,
            14.00873387275518,
            14.137813933305063,
            14.1041135013059,
            13.74333548628115,
            14.074978306307164,
            14.143480983458762,
            15.027018658239406,
            15.169111497575331,
            15.716399941036158,
            15.583495019012089,
            15.312532790982512,
            15.510082229332216,
            15.177165181832926,
            14.82456617438575,
            14.615663247848676,
            15.402003134227144,
            15.737016253713387,
            16.330564723086958,
            17.326508104374334,
            17.251259273321978,
            17.956059045338268,
            18.075723394173377,
            17.953462591844033,
            18.274144453210457,
            18.52710054789915,
            18.580148104515576,
            19.72081727802057,
            20.680622449917287,
            20.229665767290268,
            20.097884928445797,
            21.188570326079898,
            21.790589431376517,
            22.492421303985434,
            22.30022432313025,
            22.237658747068302,
            23.04459574927673,
            23.25641981732989,
            24.448730218341655,
            24.394387380164044,
            24.64772740522027,
            24.208993429941405,
            23.909859804840686,
            23.915719422837945,
            24.597422553004105,
            24.9679743594846,
            25.312324816390028,
            25.278737522948884,
            25.947080665723536,
            25.877583775072743,
            26.52913294083249,
            26.538841317605435,
            27.565527438682206,
            27.998375194031045,
            27.75130361027657,
            27.522023139271106,
            27.456662478777442,
            27.634200901208292,
            28.080811403048966,
            28.775804753695166,
            29.21800358243224,
            29.077177547131836,
            29.13612430963941,
            30.074743169749944,
            29.670978507240676,
            30.20964725085546,
            31.153506966401217,
            31.181637792007734,
            30.98021314074485,
            31.965517945485995,
            32.065048011447445,
            32.18165280132784,
            32.567909081038756,
            32.99755063738493,
            33.697740968360854,
            34.49043785253202,
            34.66426266219072,
            36.12231371724591,
            36.82029760962854,
            37.62757169214347,
            38.01042143686195,
            38.863396366728246,
            38.619535613884835,
            38.918047604977865,
            39.76001563225901,
            40.369738269123,
            40.24669383662578,
            40.06102035438322,
            39.2546825004051,
            39.81431992855968,
            40.3519847039011,
            41.032105533457596,
            41.14803007031809,
            41.21855684534206,
            40.877059894518155,
            41.7346007749828,
            42.123131346194086,
            41.78651411958327,
            42.066289038238665,
            41.767477371305056,
            42.123372969399654,
            42.39466665998088,
            42.734456545649785,
            43.0675519637887,
            43.02575929157769,
            42.76185027818062,
            43.24210593548429,
            43.125235582659606,
            43.49150213843197,
            43.82931795441616,
            44.50557545158268,
            44.18112705709801,
            43.721868766700325,
            44.056668189214726,
            44.73899934364226,
            45.06942642482364,
            45.399021528968554,
            45.201384999239956,
            46.21729198702811
        ],
        "true_lambdas": [
            2.847422306732481,
            4.014400754808275,
            5.496534499492636,
            5.523571163979266,
            7.088254199393413,
            9.589137140448354,
            12.331888833640686,
            11.276016682093378,
            11.74087970192231,
            13.616898830329552,
            14.83740333423422,
            16.555385419764576,
            18.361934140894945,
            19.219977845292807,
            20.580120779057506,
            21.397461528256034,
            20.870505737288077,
            22.24831280526829,
            23.56486907462707,
            25.267558387222653,
            27.759001470947897,
            27.97318257462649,
            26.9290591135254,
            25.658905875436517,
            27.003152291441793,
            27.652905867150196,
            25.758146647676124,
            26.74630161177889,
            26.112969887444372,
            28.777776773527293,
            30.60758441888919,
            29.751340364899654,
            31.26682600360514,
            30.454109358329603,
            34.30075620623826,
            33.9882575684687,
            33.415659407893926,
            35.60282625465683,
            35.81876932537607,
            34.829238588750655,
            37.41835294391524,
            37.19872540315727,
            36.62639037281202,
            35.24339309272765,
            36.2973483411027,
            37.340829700549136,
            39.2827337942257,
            39.5310102824052,
            41.696104968781555,
            42.34743916412931,
            42.16853297454151,
            42.24471130379435,
            41.21472440457988,
            39.79730018085456,
            39.39944228678935,
            41.066460142642455,
            41.8566032905472,
            42.987294906045264,
            45.739827194861704,
            45.09217421147191,
            47.53987062552346,
            48.26624873788945,
            48.03153440440195,
            48.41861881956495,
            48.47393892188118,
            48.553681285895784,
            50.92322683398108,
            53.24803569162056,
            51.98783784837785,
            52.607856603898576,
            54.78905026954244,
            55.88556537822075,
            57.230422907138,
            56.98340812310363,
            57.994630116873225,
            59.3099195506939,
            59.40252165900045,
            63.27488125210634,
            63.96410643556243,
            65.45686627469398,
            65.10301850316685,
            64.5073434766384,
            66.44220085108032,
            67.55113185311733,
            68.09150555468752,
            68.87804827421775,
            68.63725303109564,
            70.65357612166407,
            70.54268588098154,
            71.56498043391137,
            71.49983257302864,
            74.29093816206344,
            74.76162196787186,
            74.38231622909811,
            73.6804153684123,
            73.71799567835245,
            74.40154968826147,
            75.57432919914942,
            77.29608306250066,
            77.97635854529337,
            77.46187028546923,
            77.13328413209537,
            79.4865120323401,
            79.19987447686859,
            81.57027081058666,
            83.60022452096513,
            84.47784513588934,
            83.99703454329764,
            85.97630133273515,
            87.42848015890013,
            87.58707988324134,
            89.65276452819057,
            90.34950860781197,
            91.48802835077896,
            94.093231226641,
            94.84125577434267,
            98.43615639764865,
            100.55435872126584,
            102.64148793386371,
            103.03478017656849,
            105.816799576221,
            104.57051452129798,
            104.56815270034475,
            107.14863803958445,
            109.04439849762639,
            108.02337228676475,
            108.40575409173024,
            108.28811239568904,
            109.24638385545231,
            110.8281211705903,
            112.10638706398416,
            111.66651879408124,
            112.32525129852985,
            112.39914795593774,
            115.70581418122187,
            116.77827418969392,
            116.92819242030201,
            117.10874306947542,
            115.68907424119652,
            115.85426856670075,
            116.02892586572165,
            117.17134993255662,
            118.36022371423782,
            119.09125037874165,
            119.20104758342121,
            120.8162615814613,
            120.86381153606919,
            122.56368957064711,
            124.55117892307197,
            126.26168248763852,
            126.39670061233211,
            125.05805712508658,
            125.15632705523824,
            127.53506688163887,
            127.87220020050195,
            128.6030990823112,
            128.22897931737322,
            130.60559942274887
        ],
        "lambdas": [
            2.8474215737358843,
            4.01430526410816,
            5.496531788364393,
            5.523571090483822,
            7.087914969564954,
            9.589107043196716,
            12.331746453313114,
            11.275987037440986,
            11.740669487910507,
            13.616898462975302,
            14.837302776602957,
            16.555379869539024,
            18.361559236732028,
            19.219931360278558,
            20.580086586033126,
            21.396986126058046,
            20.86999791362641,
            22.24782457353625,
            23.564836202936064,
            25.267555887598196,
            27.758995215313718,
            27.973154030816975,
            26.92905754073808,
            25.658520576647213,
            27.00311374558268,
            27.652680723200284,
            25.75808457615206,
            26.745728866940922,
            26.11281615691736,
            28.777449833743894,
            30.607305096707485,
            29.750449718326113,
            31.26667737108238,
            30.45410670049314,
            34.300364521744,
            33.987716055906986,
            33.41554802219689,
            35.60236594408697,
            35.8187641412155,
            34.82910423625992,
            37.41833571973575,
            37.19872483017632,
            36.62573019579827,
            35.24305436249088,
            36.29591027841768,
            37.340824850524584,
            39.281404588366144,
            39.52995172528117,
            41.695973080416294,
            42.347205315653135,
            42.16695160068453,
            42.24383769179762,
            41.21471756186182,
            39.79728343445841,
            39.39875598141605,
            41.06628405348674,
            41.856572640859206,
            42.98698756657772,
            45.739824320365,
            45.090842151996796,
            47.53834754915381,
            48.26609817742521,
            48.03116562545968,
            48.418037629064386,
            48.47220796121878,
            48.552517924833225,
            50.921659046639775,
            53.247811373356576,
            51.98748403910254,
            52.60781609944242,
            54.78839136447036,
            55.88556203298242,
            57.228122720566205,
            56.983389070823705,
            57.994461479503165,
            59.30991484329826,
            59.40210434218351,
            63.2722762839056,
            63.96408516469717,
            65.45594852028574,
