[
    {
        "T": 1786,
        "best_arm": 0,
        "w_s": [
            [
                0.3986291366132199,
                0.20944440486745522,
                0.182197212459493,
                0.20972924605983195
            ],
            [
                0.42387151947111046,
                0.1687658625640956,
                0.23635414758094533,
                0.17100847038384864
            ],
            [
                0.44535306013455306,
                0.16277419845881597,
                0.22699750038498476,
                0.1648752410216462
            ],
            [
                0.43349936977341363,
                0.165668000525544,
                0.2324215339609709,
                0.16841109574007146
            ],
            [
                0.44215138016985556,
                0.1635375338677303,
                0.2284400647504773,
                0.1658710212119369
            ],
            [
                0.46511757845504603,
                0.15767801454568006,
                0.21799737476315742,
                0.15920703223611646
            ],
            [
                0.46668768508997516,
                0.15727118170942583,
                0.217288139949307,
                0.15875299325129194
            ],
            [
                0.44966034985841163,
                0.16165869596894403,
                0.2253005740995069,
                0.1633803800731374
            ],
            [
                0.44559767144132495,
                0.16255816591230599,
                0.22732152194802774,
                0.1645226406983414
            ],
            [
                0.4335638303209758,
                0.16535879733520334,
                0.2330613322471516,
                0.1680160400966693
            ],
            [
                0.4460038524930183,
                0.1625592086262515,
                0.22703227064401976,
                0.16440466823671027
            ],
            [
                0.4430527269214614,
                0.1631791270389421,
                0.2284857241132264,
                0.16528242192637013
            ],
            [
                0.4406589883573898,
                0.16366115253156563,
                0.22968219071076304,
                0.16599766840028157
            ],
            [
                0.44359661409891216,
                0.1630413984983086,
                0.2282310485099006,
                0.1651309388928786
            ],
            [
                0.45327117031183345,
                0.16094641311135982,
                0.2234986741157727,
                0.16228374246103403
            ],
            [
                0.45573108931069467,
                0.16036985190914918,
                0.22232967572575013,
                0.16156938305440607
            ],
            [
                0.4574472432790688,
                0.15999966142608232,
                0.2214912986095683,
                0.16106179668528056
            ],
            [
                0.46950346303538176,
                0.1573431485346503,
                0.21565007422547036,
                0.15750331420449748
            ],
            [
                0.45252278518261946,
                0.18219481762630457,
                0.2100135501994248,
                0.15526884699165114
            ],
            [
                0.45935412738294107,
                0.18037448056957378,
                0.20696700383381386,
                0.15330438821367137
            ],
            [
                0.4604540181212109,
                0.18007124439252523,
                0.20648339664474447,
                0.1529913408415194
            ],
            [
                0.46690902121181344,
                0.17827687165328646,
                0.2036535558826676,
                0.15116055125223257
            ],
            [
                0.46764450292301485,
                0.17806892930418727,
                0.20333349456004296,
                0.15095307321275486
            ],
            [
                0.4691467201673628,
                0.17764102390366623,
                0.20268194904406198,
                0.1505303068849091
            ],
            [
                0.46657937378301834,
                0.17838741543298417,
                0.20377362410884461,
                0.151259586675153
            ],
            [
                0.47927203953737185,
                0.17476554388276808,
                0.19832428690840903,
                0.14763812967145107
            ],
            [
                0.4759034720061056,
                0.17572041996759855,
                0.19977452424060604,
                0.14860158378568988
            ],
            [
                0.48332911152659547,
                0.17361978763671862,
                0.19657805669135522,
                0.14647304414533072
            ],
            [
                0.4805844107859222,
                0.174413251413671,
                0.19776455259284276,
                0.14723778520756406
            ],
            [
                0.48138592725636203,
                0.1741801892492017,
                0.19741919750791725,
                0.1470146859865191
            ],
            [
                0.47569695919797617,
                0.1758337424943772,
                0.1998968197319734,
                0.14857247857567324
            ],
            [
                0.4703751348570772,
                0.1773451375619731,
                0.20225562733543595,
                0.15002410024551388
            ],
            [
                0.4714555648544313,
                0.1770365863267066,
                0.2017751924723533,
                0.1497326563465088
            ],
            [
                0.46661501324052834,
                0.178403217163583,
                0.20393160032343988,
                0.15105016927244871
            ],
            [
                0.4676548235271971,
                0.17810674661363907,
                0.20347176844605072,
                0.15076666141311307
            ],
            [
                0.4719191420379693,
                0.176879020277753,
                0.2015958604018177,
                0.14960597728245992
            ],
            [
                0.47180282492324327,
                0.1769123449210219,
                0.20164712983838445,
                0.14963770031735055
            ],
            [
                0.4726688228555915,
                0.17666055653166457,
                0.20126837044135112,
                0.14940225017139283
            ],
            [
                0.47561668687266356,
                0.175799206872163,
                0.19998299925984098,
                0.14860110699533247
            ],
            [
                0.4738355632193999,
                0.1763138521626539,
                0.20076330192117325,
                0.14908728269677302
            ],
            [
                0.4774165448340313,
                0.17527260468916542,
                0.19919905814796995,
                0.14811179232883337
            ],
            [
                0.48165148530273216,
                0.17403785731525534,
                0.1973536413287073,
                0.14695701605330513
            ],
            [
                0.4845126080971058,
                0.17319717231120402,
                0.19611240680409436,
                0.1461778127875958
            ],
            [
                0.4876369574380099,
                0.17227281936229008,
                0.19476286232862364,
                0.14532736087107645
            ],
            [
                0.4895040844052608,
                0.1717199871787757,
                0.1939574379736055,
                0.144818490442358
            ],
            [
                0.48940678155325235,
                0.17175518175224272,
                0.19398979330248972,
                0.14484824339201535
            ],
            [
                0.483616053297007,
                0.1734914922863417,
                0.19644547259543188,
                0.14644698182121937
            ],
            [
                0.48593296570303274,
                0.17279618064420144,
                0.195466253718334,
                0.14580459993443196
            ],
            [
                0.4842296288203395,
                0.1733024643029623,
                0.19618913348416836,
                0.14627877339252982
            ],
            [
                0.4846409620178317,
                0.17317977393282988,
                0.19601479730655952,
                0.146164466742779
            ],
            [
                0.47806302263661077,
                0.17512911629154487,
                0.19882062433713632,
                0.14798723673470815
            ],
            [
                0.47401639535745016,
                0.17634254127594637,
                0.20052326607264306,
                0.14911779729396038
            ],
            [
                0.4727313330635258,
                0.1767272094512941,
                0.20106854018260026,
                0.14947291730257986
            ],
            [
                0.4751521568911938,
                0.17600265953968355,
                0.20004204278712928,
                0.1488031407819935
            ],
            [
                0.47762774629611027,
                0.17525734368499743,
                0.19899522760184798,
                0.14811968241704443
            ],
            [
                0.4776992295157196,
                0.17523264613462408,
                0.1989670017320536,
                0.14810112261760291
            ],
            [
                0.47612849798235707,
                0.17569803117013508,
                0.19963579154561914,
                0.14853767930188874
            ],
            [
                0.4783536915960349,
                0.17503870323217832,
                0.1986878665024828,
                0.14791973866930405
            ],
            [
                0.4802856412911701,
                0.17446397588582715,
                0.19786640387767154,
                0.14738397894533134
            ],
            [
                0.48067404710435735,
                0.17434795199537304,
                0.19770160096242134,
                0.1472763999378483
            ],
            [
                0.4810248415184476,
                0.17424282511614006,
                0.19755295137239337,
                0.14717938199301892
            ],
            [
                0.4814056044136452,
                0.1741283533129045,
                0.19739181536202774,
                0.14707422691142252
            ],
            [
                0.4798624272673315,
                0.17459466180251193,
                0.19804716299725372,
                0.14749574793290282
            ],
            [
                0.48031650825401684,
                0.1744573561983928,
                0.1978543713748906,
                0.14737176417269976
            ],
            [
                0.4791125209430041,
                0.17481875937346017,
                0.1983671518111899,
                0.14770156787234587
            ],
            [
                0.47941366054041595,
                0.17472527866781884,
                0.19824066286687453,
                0.14762039792489065
            ],
            [
                0.4783058286832435,
                0.17505095221538924,
                0.1987151926697316,
                0.1479280264316356
            ],
            [
                0.48185450783995787,
                0.17399475599753572,
                0.197202485697645,
                0.14694825046486154
            ],
            [
                0.481866401036316,
                0.1739918230213339,
                0.1971967785211737,
                0.14694499742117625
            ],
            [
                0.48192629476294996,
                0.17397402478835255,
                0.19717122168683426,
                0.14692845876186328
            ],
            [
                0.4853920590697826,
                0.1729432208923236,
                0.19569493787437778,
                0.14596978216351605
            ],
            [
                0.48372822306019936,
                0.17344063081698008,
                0.19639997823267033,
                0.14643116789015012
            ],
            [
                0.4840160696567016,
                0.173355847302516,
                0.19627679651677155,
                0.1463512865240109
            ],
            [
                0.48286919656420596,
                0.17369558765033863,
                0.19676320411594567,
                0.14667201166950986
            ],
            [
                0.4832140291551033,
                0.1735931605497047,
                0.19661716396773765,
                0.1465756463274544
            ],
            [
                0.4835002980342491,
                0.17350783775067372,
                0.19649608588731277,
                0.14649577832776436
            ],
            [
                0.487583944949302,
                0.17228839185849926,
                0.19477039702517435,
                0.14535726616702432
            ],
            [
                0.4888771762700261,
                0.17190133983019545,
                0.19422496510870396,
                0.1449965187910744
            ],
            [
                0.48885609837135646,
                0.1719076210998448,
                0.19423387916968549,
                0.1450024013591132
            ],
            [
                0.4942701330389118,
                0.1702808770879261,
                0.1919552616866922,
                0.1434937281864698
            ],
            [
                0.4941578416463908,
                0.17031449676373422,
                0.19200256350212422,
                0.1435250980877508
            ],
            [
                0.49283628512083366,
                0.17071505558706337,
                0.1925547245481342,
                0.14389393474396894
            ],
            [
                0.49301490219962996,
                0.17066078242346072,
                0.19248016905266283,
                0.14384414632424639
            ],
            [
                0.49310916296698853,
                0.17063203296308732,
                0.19244088493208197,
                0.14381791913784228
            ],
            [
                0.4920760373340957,
                0.17094730248173473,
                0.19287018261343739,
                0.1441064775707321
            ],
            [
                0.49101585169875295,
                0.17127207324001603,
                0.19330897384028253,
                0.14440310122094846
            ],
            [
                0.4899790927300007,
                0.17159085647941597,
                0.19373903120011327,
                0.14469101959047012
            ],
            [
                0.4901426443654731,
                0.17154036331726993,
                0.19367128877841686,
                0.14464570353883996
            ],
            [
                0.4913085963749632,
                0.1711803829688964,
                0.19318819385953623,
                0.14432282679660413
            ],
            [
                0.4949077558905959,
                0.17006738589746442,
                0.19169890237363826,
                0.14332595583830143
            ],
            [
                0.49577953265271857,
                0.1697972403887834,
                0.1913386302926157,
                0.14308459666588216
            ],
            [
                0.4958823326322043,
                0.16976532761840202,
                0.19129617423842998,
                0.1430561655109637
            ],
            [
                0.4947870075434127,
                0.17010266248520745,
                0.19174923920413195,
                0.14336109076724796
            ],
            [
                0.49479066853135567,
                0.17010151644909824,
                0.19174774182018017,
                0.14336007319936572
            ],
            [
                0.49723030904717724,
                0.16934462551764007,
                0.19074251401427872,
                0.14268255142090397
            ],
            [
                0.4958296685490424,
                0.16978058937880253,
                0.19131750719573956,
                0.14307223487641538
            ],
            [
                0.49498014272701235,
                0.17004378969489153,
                0.19166704769259565,
                0.1433090198855004
            ],
            [
                0.4960985762795107,
                0.16969697715631482,
                0.19120698355431737,
                0.14299746300985716
            ],
            [
                0.49601659254226466,
                0.16972243416739208,
                0.1912406905219986,
                0.14302028276834478
            ],
            [
                0.4935156398320026,
                0.17049965157308616,
                0.1922635715960032,
                0.143721136998908
            ],
            [
                0.49197340827154123,
                0.17097787114007132,
                0.19289377328639398,
                0.14415494730199338
            ],
            [
                0.4938523280273096,
                0.17039503927880273,
                0.19212579608734412,
                0.14362683660654355
            ],
            [
                0.4945620485348878,
                0.1701745794487179,
                0.19183591406164396,
                0.14342745795475037
            ],
            [
                0.4956143212667334,
                0.1698470820454521,
                0.19140652049900958,
                0.14313207618880486
            ],
            [
                0.49535539670295314,
                0.16992772384691046,
                0.1915121849693723,
                0.14320469448076406
            ],
            [
                0.49290182144926525,
                0.1706895986485402,
                0.19251273088496862,
                0.14389584901722588
            ],
            [
                0.49383318032193974,
                0.17040012276303765,
                0.19213288661716618,
                0.14363381029785632
            ],
            [
                0.49373548643852955,
                0.1704305458054091,
                0.19217269803307677,
                0.1436612697229846
            ],
            [
                0.49480887431979476,
                0.17009623213347824,
                0.19173525549030415,
                0.14335963805642293
            ],
            [
                0.4957303795520276,
                0.16980902023185024,
                0.19135974018117088,
                0.14310086003495123
            ],
            [
                0.49671117320260644,
                0.16950439598211303,
                0.19095943055461095,
                0.14282500026066958
            ],
            [
                0.4953251614458047,
                0.16993622105398953,
                0.1915231783852716,
                0.14321543911493426
            ],
            [
                0.4948019735118583,
                0.1700986115361435,
                0.19173643216671865,
                0.14336298278527973
            ],
            [
                0.4948019733160166,
                0.1700986116000646,
                0.19173643221332945,
                0.1433629828705893
            ],
            [
                0.49480197312017504,
                0.1700986116639857,
                0.19173643225994033,
                0.14336298295589892
            ],
            [
                0.4948871614653659,
                0.1700721072433452,
                0.19170171105253112,
                0.14333902023875775
            ],
            [
                0.4948871612694562,
                0.17007210730728753,
                0.19170171109916978,
                0.1433390203240866
            ],
            [
                0.49392218880721,
                0.17036972573592005,
                0.19209689108969846,
                0.14361119436717168
            ],
            [
                0.49442009103923273,
                0.17021608330216306,
                0.19189294120857261,
                0.14347088445003162
            ],
            [
                0.4963971400154822,
                0.16960496623763702,
                0.19108386044195638,
                0.1429140333049244
            ],
            [
                0.49594841210873475,
                0.1697431779856011,
                0.19126780811110705,
                0.14304060179455713
            ],
            [
                0.495948411911976,
                0.16974317804980651,
                0.1912678081580928,
                0.14304060188012468
            ],
            [
                0.4959484117152173,
                0.16974317811401202,
                0.19126780820507858,
                0.1430406019656922
            ],
            [
                0.49596875257808554,
                0.16973692773749674,
                0.191259453232705,
                0.1430348664517128
            ],
            [
                0.496292393872138,
                0.16963736033198454,
                0.19112656925204718,
                0.14294367654383036
            ],
            [
                0.4961586247151084,
                0.16967853508659847,
                0.19118149838730064,
                0.14298134181099242
            ],
            [
                0.4951654997339505,
                0.16998520714736748,
                0.1915879946366678,
                0.14326129848201408
            ],
            [
                0.4945693608205728,
                0.17016853549262928,
                0.19183251172526278,
                0.1434295919615352
            ],
            [
                0.4945863434326311,
                0.17016330819555503,
                0.19182554638857002,
                0.14342480198324392
            ],
            [
                0.49468102058796315,
                0.1701340720014453,
                0.19178684343601546,
                0.143398063974576
            ],
            [
                0.4946810203922183,
                0.1701340720653381,
                0.19178684348258598,
                0.14339806405985756
            ],
            [
                0.49470061808396737,
                0.17012801204027123,
                0.1917788328455337,
                0.14339253703022775
            ],
            [
                0.4959543960956481,
                0.16973991343111317,
                0.19126655919851246,
                0.1430391312747263
            ],
            [
                0.496511621988771,
                0.1695670039182422,
                0.19103859910987717,
                0.1428827749831096
            ],
            [
                0.4965116217915617,
                0.16956700398258856,
                0.19103859915704624,
                0.14288277506880342
            ],
            [
                0.49730794042117066,
                0.1693195271748975,
                0.19071290432759752,
                0.14265962807633414
            ],
            [
                0.49722925292406,
                0.1693440530171581,
                0.1907451216226956,
                0.14268157243608615
            ],
            [
                0.4972109091181594,
                0.16934974704523117,
                0.1907526477445524,
                0.14268669609205695
            ],
            [
                0.4962771369811001,
                0.1696404385024785,
                0.19113463138273581,
                0.14294779313368555
            ],
            [
                0.49577666935089176,
                0.16979593195958853,
                0.19133924339392772,
                0.14308815529559188
            ],
            [
                0.49759595751615565,
                0.16923016196585244,
                0.19059593001193934,
                0.14257795050605257
            ],
            [
                0.49814466571797067,
                0.16905934488652177,
                0.1903717952981511,
                0.14242419409735652
            ],
            [
                0.497014215896046,
                0.16941194128815062,
                0.19083422445743514,
                0.1427396183583684
            ],
            [
                0.496526949237096,
                0.1695642426999845,
                0.1910330663407952,
                0.1428757417221244
            ],
            [
                0.49746052903629145,
                0.1692722294898662,
                0.19065214740716036,
                0.14261509406668202
            ],
            [
                0.49737979801090443,
                0.16929751713877655,
                0.19068506611263358,
                0.14263761873768546
            ],
            [
                0.49736184808524986,
                0.16930315059923845,
                0.19069236595828393,
                0.14264263535722774
            ],
            [
                0.49647769543513953,
                0.1695797680253432,
                0.19105260286599612,
                0.1428899336735211
            ],
            [
                0.496859110527195,
                0.16946040595521475,
                0.19089716307807558,
                0.1427833204395146
            ],
            [
                0.49589034733423315,
                0.16976275058831136,
                0.1912925391177759,
                0.14305436295967966
            ],
            [
                0.49626609121874243,
                0.16964545507227982,
                0.19113915093344475,
                0.14294930277553305
            ],
            [
                0.4961624046117398,
                0.16967783433449038,
                0.19118148225602472,
                0.142978278797745
            ],
            [
                0.4969364678952177,
                0.16943588735591586,
                0.1908656387004958,
                0.14276200604837058
            ],
            [
                0.49594749117289405,
                0.1697457001415082,
                0.19126816079413494,
                0.14303864789146264
            ],
            [
                0.49554553039335275,
                0.16987190568556854,
                0.1914319749122554,
                0.14315058900882324
            ],
            [
                0.4955455301969164,
                0.16987190574967104,
                0.19143197495910982,
                0.14315058909430278
            ],
            [
                0.49477819401322093,
                0.17011330433024044,
                0.1917452119576844,
                0.1433632896988543
            ],
            [
                0.49513740537831896,
                0.1700002724385447,
                0.19159854849468208,
                0.1432637736884543
            ],
            [
                0.49345135728721534,
                0.17052750656959517,
                0.19228914676886313,
                0.14373198937432632
            ],
            [
                0.49240198125923945,
                0.17085492049126144,
                0.19271899020553507,
                0.1440241080439642
            ],
            [
                0.49281861900575274,
                0.17072480092679843,
                0.19254838074548894,
                0.1439081993219599
            ],
            [
                0.49273290075901177,
                0.17075158074562513,
                0.192583483448679,
                0.14393203504668414
            ],
            [
                0.49352681133628096,
                0.17050336346281586,
                0.1922584358935428,
                0.14371138930736033
            ],
            [
                0.49412090354904437,
                0.17031751230573358,
                0.19201531204688277,
                0.14354627209833926
            ],
            [
                0.4940348423831689,
                0.17034447781218523,
                0.19205058178964107,
                0.14357009801500475
            ],
            [
                0.49403484218794097,
                0.17034447787590964,
                0.1920505818360006,
                0.14357009810014873
            ],
            [
                0.494034841992713,
                0.17034447793963406,
                0.1920505818823601,
                0.14357009818529265
            ],
            [
                0.494888919104959,
                0.17007718592544116,
                0.19170028110361975,
                0.14333361386597998
            ],
            [
                0.49400257650348245,
                0.1703537518647802,
                0.1920644113518104,
                0.14357926027992707
            ],
            [
                0.4927055878509336,
                0.1707597093487163,
                0.19259681627421182,
                0.14393788652613834
            ],
            [
                0.49177393275526066,
                0.17105095861037625,
                0.19297904645122022,
                0.1441960621831428
            ],
            [
                0.4906558336991827,
                0.17139990645336692,
                0.19343761413734756,
                0.14450664571010288
            ],
            [
                0.4910092079251123,
                0.17128961131139123,
                0.19329264576605693,
                0.14440853499743947
            ],
            [
                0.4902123842639067,
                0.17153885698647556,
                0.19361986124375313,
                0.1446288975058645
            ],
            [
                0.4905620068915234,
                0.17142947412354168,
                0.19347626343464033,
                0.14453225555029453
            ],
            [
                0.49116395217125075,
                0.17124109481109012,
                0.19322904139230698,
                0.14436591162535214
            ]
        ],
        "lambdas": [
            4.172619044578562,
            7.4777229779378045,
            8.079439823543284,
            10.367360131593266,
            9.709587602748403,
            9.551736673090788,
            12.3830564805947,
            14.434613773783557,
            16.060056924843135,
            19.46909594875756,
            19.080114620179238,
            18.02816198470995,
            19.766657046417343,
            21.862277537662255,
            21.46194788927798,
            20.72822814773123,
            21.655242633497956,
            24.298636956221294,
            27.027127277743205,
            28.05448952381215,
            27.650187824633115,
            28.471325111075032,
            29.158919724829666,
            31.670936484858803,
            31.774581704449602,
            31.94040044270792,
            34.385104322143896,
            36.381417047998596,
            35.24087747504204,
            35.53812926814749,
            39.726149229424294,
            41.04145126775825,
            41.987421880028776,
            42.54978330672694,
            45.15280224109341,
            47.06997641237243,
            50.41564538355931,
            49.018917590485884,
            47.65371754328288,
            47.075952109967176,
            49.29323035780816,
            49.023308246623436,
            50.567344110095895,
            53.40408427499149,
            53.975421029134814,
            54.467332489627196,
            55.95467205092292,
            58.320621261053205,
            58.904306021587274,
            59.99710888433104,
            61.92452206270268,
            64.28546212962166,
            63.98190080729831,
            67.0916103492695,
            70.3102160190021,
            71.5364259787267,
            72.47124007588742,
            71.56145073589258,
            71.32672973748404,
            71.72221091514122,
            72.01033391555463,
            72.39037096866454,
            72.88053964688112,
            71.83813495433094,
            72.92646409390322,
            73.67245318360453,
            74.54562585493085,
            74.76548659921232,
            73.79645775829646,
            75.25553717477467,
            75.94027127468883,
            78.17924064163424,
            81.04558374998388,
            84.55177884364909,
            86.15133148395509,
            88.0922283013713,
            89.73509712795034,
            88.0973241597217,
            85.44947333883665,
            85.83696677024108,
            86.10351828602373,
            86.57818650608698,
            85.64350605803028,
            88.83024692329644,
            90.14464858237703,
            90.40406117675354,
            93.09693479917495,
            92.52207141251998,
            94.43371037995745,
            94.51795499061193,
            94.25862278652664,
            95.6629187894576,
            94.56135398303164,
            95.88508641680656,
            99.25602825556842,
            99.69664661474549,
            99.43932204149097,
            100.81038476280449,
            99.94951835950732,
            97.73221798194064,
            102.06389238001782,
            104.04760971130327,
            104.07369429990983,
            103.92318904456846,
            103.00247274340181,
            102.88085006005846,
            104.69968712073862,
            105.00562532454163,
            105.99944318391269,
            105.55631060077977,
            107.40614191753514,
            107.82145607832479,
            107.65547948658869,
            108.40939791025173,
            108.15734058327624,
            106.71780483816315,
            107.92548354042773,
            109.2827076231747,
            111.18988849037139,
            110.92870604935646,
            112.61749025476182,
            112.96348307657361,
            116.3798673177163,
            118.86455328728519,
            119.64708007610375,
            121.00315173263014,
            121.87089555493759,
            122.92052008853703,
            123.56206584566345,
            120.73464457015282,
            119.91323990363256,
            121.01913820366619,
            121.02760128287007,
            122.86985233519891,
            121.9835232469211,
            123.06646453153225,
            122.48700743775285,
            122.23506022014101,
            122.98101225315688,
            126.54362890289859,
            128.9838067704814,
            131.43349710031362,
            133.57296949010413,
            132.94103808620912,
            134.0518355968818,
            133.41693245924353,
            134.2938394445655,
            136.71949236078436,
            137.98836148854005,
            138.1924194320003,
            140.76367048275722,
            140.5847218408152,
            141.37128803615389,
            142.71064177303876,
            143.87116733177828,
            143.00594844939127,
            143.34679078386603,
            143.99575260604522,
            146.16783777792358,
            149.8657049459428,
            150.93137141897768,
            153.48191306706372,
            153.69041953967246,
            153.82948196581518,
            154.00648870170252,
            154.7236746490816,
            154.0817971160521,
            155.1522285977161,
            155.13930552312553,
            157.8336573351109,
            157.03427687757323,
            154.28281523081782,
            154.82107635157996,
            155.00580012475478,
            157.42747406952714,
            158.20445454653782,
            161.03553386970708
        ],
        "betas": [
            37.36819588611239,
            39.34400111963641,
            40.44135232040928,
            41.37173745509315,
            42.127416925018906,
            42.78494801418069,
            43.32264082666877,
            43.90403718684213,
            44.405218377692414,
            44.87621873518479,
            45.23673516203691,
            45.6241984640982,
            45.983039979169504,
            46.29481544044998,
            46.5870765028273,
            46.84388838109251,
            47.10603740077689,
            47.323246531430286,
            47.5983692010001,
            47.84663703970358,
            48.06332598526346,
            48.249512352568644,
            48.449318822583976,
            48.637602604328364,
            48.83490460987498,
            48.98679770107975,
            49.155490086270675,
            49.29688830784749,
            49.46987603323781,
            49.62262410708836,
            49.793225913657324,
            49.9576585012846,
            50.09600109131009,
            50.2549787217428,
            50.38529522283729,
            50.512059952433624,
            50.6267430039663,
            50.751508314113345,
            50.860521262839015,
            50.986135058667685,
            51.09809678454489,
            51.184699960556614,
            51.285511712189475,
            51.39063377710686,
            51.47922298826191,
            51.582361726638524,
            51.7045627895064,
            51.79365182105926,
            51.89750109541009,
            51.990150459474236,
            52.11748676312537,
            52.21327457158874,
            52.305272399060534,
            52.38538523054187,
            52.4709422316765,
            52.548260480327,
            52.63582780525685,
            52.710532506489976,
            52.78289647157097,
            52.859969030219744,
            52.93850783178775,
            53.013111397280156,
            53.09269386795067,
            53.164946021608856,
            53.24303703457891,
            53.31304906104549,
            53.38875684156385,
            53.45153318296511,
            53.51439840097525,
            53.58199071210754,
            53.643107204177085,
            53.708880545720675,
            53.77239053109467,
            53.83896950268968,
            53.902981498273085,
            53.96393329864008,
            54.00958395467691,
            54.06670606854236,
            54.12688899665258,
            54.170765702456464,
            54.22455422631031,
            54.28652919171089,
            54.34273464171303,
            54.400289332352955,
            54.458770968621806,
            54.518494090174336,
            54.577452984625566,
            54.63032769028621,
            54.678487699976,
            54.72272231613637,
            54.766483244305604,
            54.81727233066301,
            54.87271241106702,
            54.923515445304666,
            54.96938133898106,
            55.01738703652507,
            55.07054401678083,
            55.115009518824934,
            55.16327609352601,
            55.2099997699657,
            55.2678266062574,
            55.32122767788911,
            55.35983235231354,
            55.4016729207066,
            55.44253005153914,
            55.48757022358239,
            55.542110709181756,
            55.58237933010435,
            55.62611750674949,
            55.665078830855904,
            55.704294943427826,
            55.74259288517331,
            55.79155880473185,
            55.83340049958767,
            55.87396292973057,
