[
    {
        "T": 5972,
        "best_arm": 5,
        "w_s": [
            [
                0.03972558131179326,
                0.01986279065589663,
                0.01986279065589663,
                0.03972558131179326,
                0.03972558131179326,
                0.47363604761873923,
                0.22842209254281132,
                0.0695197672956382,
                0.0695197672956382
            ],
            [
                0.0297518559133198,
                0.019834570608879866,
                0.019834570608879866,
                0.0297518559133198,
                0.0297518559133198,
                0.44463202295136356,
                0.30743584443763805,
                0.059503711826639605,
                0.059503711826639605
            ],
            [
                0.029723054708780765,
                0.019815369805853845,
                0.019815369805853845,
                0.029723054708780765,
                0.029723054708780765,
                0.4352619605331654,
                0.3071382319907347,
                0.03963073961170769,
                0.08916916412634229
            ],
            [
                0.02971094697624273,
                0.019807297984161823,
                0.019807297984161823,
                0.02971094697624273,
                0.02971094697624273,
                0.44539565644346896,
                0.3268204167386702,
                0.04951824496040456,
                0.04951824496040456
            ],
            [
                0.05957693017722319,
                0.01985897672574106,
                0.01985897672574106,
                0.01985897672574106,
                0.01985897672574106,
                0.4836666051307324,
                0.2879551625232455,
                0.02978846508861159,
                0.05957693017722319
            ],
            [
                0.019840822341212615,
                0.019840822341212615,
                0.019840822341212615,
                0.019840822341212615,
                0.019840822341212615,
                0.4742182079578656,
                0.32737356863000827,
                0.03968164468242523,
                0.05952246702363785
            ],
            [
                0.02975994591626718,
                0.02975994591626718,
                0.02975994591626718,
                0.02975994591626718,
                0.02975994591626718,
                0.4444810095630126,
                0.28767947719058284,
                0.03967992788835624,
                0.07935985577671248
            ],
            [
                0.029728112708617627,
                0.029728112708617627,
                0.019818741805745086,
                0.019818741805745086,
                0.029728112708617627,
                0.45498460034201016,
                0.2972811270861764,
                0.03963748361149017,
                0.07927496722298034
            ],
            [
                0.039691440888326004,
                0.0297685806662445,
                0.019845720444163002,
                0.019845720444163002,
                0.0297685806662445,
                0.4443198275634359,
                0.2877629464403636,
                0.039691440888326004,
                0.0893057419987335
            ],
            [
                0.039690658511561845,
                0.02976799388367138,
                0.019845329255780923,
                0.019845329255780923,
                0.02976799388367138,
                0.4344081162102437,
                0.2083759571856997,
                0.039690658511561845,
                0.1786079633020283
            ],
            [
                0.039652126392102804,
                0.0297390947940771,
                0.019826063196051402,
                0.019826063196051402,
                0.0297390947940771,
                0.4547832621085863,
                0.17843456876446265,
                0.039652126392102804,
                0.18834760036248835
            ],
            [
                0.029734162635276454,
                0.029734162635276454,
                0.019822775090184302,
                0.019822775090184302,
                0.029734162635276454,
                0.46478507256502377,
                0.14867081317638225,
                0.029734162635276454,
                0.22796191353711956
            ],
            [
                0.02971994227118362,
                0.02971994227118362,
                0.019813294847455747,
                0.019813294847455747,
                0.02971994227118362,
                0.445227744271239,
                0.13869306393219022,
                0.02971994227118362,
                0.2575728330169248
            ],
            [
                0.019832849637651535,
                0.019832849637651535,
                0.009916424818825768,
                0.019832849637651535,
                0.019832849637651535,
                0.4645130597834084,
                0.09916424818825766,
                0.019832849637651535,
                0.32724201902125044
            ],
            [
                0.019849251877277672,
                0.019849251877277672,
                0.019849251877277672,
                0.019849251877277672,
                0.019849251877277672,
                0.46407019931350274,
                0.10917088532502718,
                0.019849251877277672,
                0.307663404097804
            ],
            [
                0.019837694820887243,
                0.019837694820887243,
                0.009918847410443622,
                0.009918847410443622,
                0.019837694820887243,
                0.4544633924256007,
                0.0991884741044362,
                0.019837694820887243,
                0.3471596593655269
            ],
            [
                0.029702990664475168,
                0.01980199377631678,
                0.01980199377631678,
                0.01980199377631678,
                0.01980199377631678,
                0.4059401867104964,
                0.12871295954605905,
                0.029702990664475168,
                0.326732897309227
            ],
            [
                0.01982476352494547,
                0.01982476352494547,
                0.009912381762472736,
                0.009912381762472736,
                0.01982476352494547,
                0.4548190030639994,
                0.10903619938720008,
                0.01982476352494547,
                0.33702097992407315
            ],
            [
                0.019844189899328707,
                0.019844189899328707,
                0.009922094949664353,
                0.009922094949664353,
                0.019844189899328707,
                0.5038952525167824,
                0.09922094949664352,
                0.019844189899328707,
                0.2976628484899307
            ],
            [
                0.019837927679799087,
                0.019837927679799087,
                0.009918963839899543,
                0.009918963839899543,
                0.019837927679799087,
                0.4643759526454246,
                0.09918963839899543,
                0.019837927679799087,
                0.3372447705565846
            ],
            [
                0.019872660357536206,
                0.019872660357536206,
                0.009936330178768103,
                0.009936330178768103,
                0.019872660357536206,
                0.4535018401677543,
                0.09936330178768102,
                0.019872660357536206,
                0.3477715562568837
            ],
            [
                0.019825381301707492,
                0.019825381301707492,
                0.009912690650853746,
                0.009912690650853746,
                0.019825381301707492,
                0.46471470485389765,
                0.0892142158576837,
                0.019825381301707492,
                0.3469441727798812
            ],
            [
                0.019842229247230312,
                0.019842229247230312,
                0.009921114623615156,
                0.009921114623615156,
                0.019842229247230312,
                0.46425981032478136,
                0.07936891698892125,
                0.019842229247230312,
                0.3571601264501458
            ],
            [
                0.01980202484376341,
                0.01980202484376341,
                0.009901012421881706,
                0.009901012421881706,
                0.01980202484376341,
                0.45544431679650604,
                0.09901012421881704,
                0.01980202484376341,
                0.3465354347658598
            ],
            [
                0.01980619890517964,
                0.01980619890517964,
                0.00990309945258982,
                0.01980619890517964,
                0.01980619890517964,
                0.44542643065496995,
                0.11883719343107782,
                0.01980619890517964,
                0.3268022819354642
            ],
            [
                0.019857185106467487,
                0.019857185106467487,
                0.009928592553233744,
                0.009928592553233744,
                0.019857185106467487,
                0.4241416319124428,
                0.10921451808557116,
                0.019857185106467487,
                0.36735792446964866
            ],
            [
                0.01985715309689794,
                0.01985715309689794,
                0.00992857654844897,
                0.00992857654844897,
                0.01985715309689794,
                0.45392828983530653,
                0.09928576548448968,
                0.01985715309689794,
                0.3475001791957141
            ],
            [
                0.01982032226862977,
                0.01982032226862977,
                0.009910161134314885,
                0.009910161134314885,
                0.01982032226862977,
                0.45494113761268123,
                0.09910161134314883,
                0.01982032226862977,
                0.3468556397010211
            ],
            [
                0.01984129971804184,
                0.01984129971804184,
                0.00992064985902092,
                0.00992064985902092,
                0.01984129971804184,
                0.45436425775384937,
                0.09920649859020919,
                0.01984129971804184,
                0.34722274506573236
            ],
            [
                0.019852887527457664,
                0.019852887527457664,
                0.009926443763728832,
                0.009926443763728832,
                0.019852887527457664,
                0.4540455929949142,
                0.11911732516474598,
                0.019852887527457664,
                0.3275726442030516
            ],
            [
                0.019816865038403002,
                0.019816865038403002,
                0.009908432519201501,
                0.019816865038403002,
                0.0297252975576045,
                0.4352193464055144,
                0.118901190230418,
                0.019816865038403002,
                0.32697827313364963
            ],
            [
                0.019827535004165592,
                0.019827535004165592,
                0.009913767502082796,
                0.019827535004165592,
                0.029741302506248388,
                0.4349152523812805,
                0.10905144252291074,
                0.019827535004165592,
                0.3370680950708152
            ],
            [
                0.019836455394279227,
                0.019836455394279227,
                0.009918227697139613,
                0.019836455394279227,
                0.019836455394279227,
                0.4544974766573212,
                0.09918227697139612,
                0.019836455394279227,
                0.33721974170274693
            ],
            [
                0.01985141340461382,
                0.01985141340461382,
                0.00992570670230691,
                0.01985141340461382,
                0.01985141340461382,
                0.45408613137311976,
                0.09925706702306909,
                0.01985141340461382,
                0.3374740278784351
            ],
            [
                0.019849134192189852,
                0.019849134192189852,
                0.009924567096094926,
                0.019849134192189852,
                0.019849134192189852,
                0.4640733768108738,
                0.08932110386485433,
                0.019849134192189852,
                0.3374352812672276
            ],
            [
                0.01983526781684742,
                0.01983526781684742,
                0.00991763390842371,
                0.01983526781684742,
                0.01983526781684742,
                0.4644477689451196,
                0.08925870517581339,
                0.01983526781684742,
                0.33719955288640624
            ],
            [
                0.019829763319379162,
                0.019829763319379162,
                0.009914881659689581,
                0.019829763319379162,
                0.019829763319379162,
                0.454681508717073,
                0.0991488165968958,
                0.019829763319379162,
                0.33710597642944584
            ],
            [
                0.0198884723562993,
                0.0198884723562993,
                0.00994423617814965,
                0.0198884723562993,
                0.0198884723562993,
                0.46301124637991886,
                0.08949812560334684,
                0.0198884723562993,
                0.3381040300570882
            ],
            [
                0.019836798315709888,
                0.019836798315709888,
                0.009918399157854944,
                0.019836798315709888,
                0.019836798315709888,
                0.434651248002268,
                0.09918399157854944,
                0.019836798315709888,
                0.35706236968277816
            ],
            [
                0.0198298122400531,
                0.0198298122400531,
                0.00991490612002655,
                0.0198298122400531,
                0.0198298122400531,
                0.4348503511584864,
                0.0991490612002655,
                0.0198298122400531,
                0.35693662032095597
            ],
            [
                0.019819570841586736,
                0.019819570841586736,
                0.009909785420793368,
                0.009909785420793368,
                0.019819570841586736,
                0.45496180185636476,
                0.08918806878714029,
                0.019819570841586736,
                0.35675227514856134
            ],
            [
                0.01980932819682699,
                0.01980932819682699,
                0.009904664098413495,
                0.009904664098413495,
                0.01980932819682699,
                0.45524347458725756,
                0.08914197688572145,
                0.01980932819682699,
                0.356567907542886
            ],
            [
                0.019839177378826716,
                0.019839177378826716,
                0.009919588689413358,
                0.009919588689413358,
                0.019839177378826716,
                0.45442262208226525,
                0.08927629820472022,
                0.019839177378826716,
                0.35710519281888103
            ],
            [
                0.019840053816567834,
                0.019840053816567834,
                0.009920026908283917,
                0.009920026908283917,
                0.019840053816567834,
                0.4543985200443843,
                0.07936021526627134,
                0.019840053816567834,
                0.3670409956065051
            ],
            [
                0.019832958524826857,
                0.019832958524826857,
                0.009916479262413428,
                0.009916479262413428,
                0.019832958524826857,
                0.45459364056726137,
                0.07933183409930743,
                0.019832958524826857,
                0.366909732709297
            ],
            [
                0.019848839916557823,
                0.019848839916557823,
                0.009924419958278911,
                0.009924419958278911,
                0.019848839916557823,
                0.45415690229465977,
                0.07939535966623129,
                0.019848839916557823,
                0.3672035384563199
            ],
            [
                0.019845192109866763,
                0.019845192109866763,
                0.009922596054933381,
                0.009922596054933381,
                0.019845192109866763,
                0.46417981303359723,
                0.06945817238453367,
                0.019845192109866763,
                0.36713605403253524
            ],
            [
                0.019852025649495043,
                0.019852025649495043,
                0.009926012824747522,
                0.009926012824747522,
                0.019852025649495043,
                0.4540692946388861,
                0.06948208977323266,
                0.019852025649495043,
                0.377188487340406
            ],
            [
                0.019814604976747967,
                0.019814604976747967,
                0.009907302488373983,
                0.009907302488373983,
                0.019814604976747967,
                0.45509836313943086,
                0.0693511174186179,
                0.019814604976747967,
                0.3764774945582115
            ],
            [
                0.019822717725018382,
                0.019822717725018382,
                0.009911358862509191,
                0.009911358862509191,
                0.019822717725018382,
                0.46478662142450367,
                0.06937951203756434,
                0.019822717725018382,
                0.36672027791284023
            ],
            [
                0.019860663318279074,
                0.019860663318279074,
                0.009930331659139537,
                0.009930331659139537,
                0.019860663318279074,
                0.4538317587473254,
                0.06951232161397676,
                0.019860663318279074,
                0.37735260304730256
            ],
            [
                0.019864506646206218,
                0.019864506646206218,
                0.009932253323103109,
                0.009932253323103109,
                0.019864506646206218,
                0.4537260672293288,
                0.06952577326172177,
                0.019864506646206218,
                0.3774256262779183
            ],
            [
                0.01981736068473076,
                0.01981736068473076,
                0.00990868034236538,
                0.00990868034236538,
                0.01981736068473076,
                0.4649312615122693,
                0.06936076239655767,
                0.01981736068473076,
                0.3666211726675192
            ],
            [
                0.01981105868911915,
                0.01981105868911915,
                0.009905529344559575,
                0.009905529344559575,
                0.01981105868911915,
                0.4750069447383425,
                0.05943317606735746,
                0.01981105868911915,
                0.3665045857487044
            ],
            [
                0.01984126396779982,
                0.01984126396779982,
                0.00992063198389991,
                0.00992063198389991,
                0.01984126396779982,
                0.4742065048533047,
                0.059523791903399466,
                0.01984126396779982,
                0.36706338340429684
            ],
            [
                0.019804031057411506,
                0.019804031057411506,
                0.009902015528705753,
                0.009902015528705753,
                0.019804031057411506,
                0.4652911614498893,
                0.05941209317223452,
                0.019804031057411506,
                0.37627659009081876
            ],
            [
                0.019842129255506328,
                0.019842129255506328,
                0.009921064627753164,
                0.009921064627753164,
                0.019842129255506328,
                0.47418357472908224,
                0.05952638776651899,
                0.019842129255506328,
                0.3670793912268672
            ],
            [
                0.01984607088904052,
                0.01984607088904052,
                0.00992303544452026,
                0.00992303544452026,
                0.01984607088904052,
                0.4840021568849465,
                0.05953821266712156,
                0.01984607088904052,
                0.35722927600272947
            ],
            [
                0.01981031821931346,
                0.01981031821931346,
                0.00990515910965673,
                0.00990515910965673,
                0.01981031821931346,
                0.4651214080785365,
                0.06933611376759712,
                0.01981031821931346,
                0.36649088705729915
            ],
            [
                0.0297511429238017,
                0.019834095282534468,
                0.009917047641267234,
                0.009917047641267234,
                0.019834095282534468,
                0.46447942737156916,
                0.06941933348887064,
                0.019834095282534468,
                0.3570137150856206
            ],
            [
                0.019852383791395336,
                0.019852383791395336,
                0.009926191895697668,
                0.009926191895697668,
                0.019852383791395336,
                0.4639856376323258,
                0.06948334326988367,
                0.019852383791395336,
                0.3672691001408139
            ],
            [
                0.019877557000259137,
                0.019877557000259137,
                0.009938778500129569,
                0.009938778500129569,
                0.019877557000259137,
                0.48318351799326237,
                0.06957144950090698,
                0.009938778500129569,
                0.3577960260046646
            ],
            [
                0.019820126631811454,
                0.019820126631811454,
                0.009910063315905727,
                0.009910063315905727,
                0.019820126631811454,
                0.46485658094109056,
                0.0693704432113401,
                0.009910063315905727,
                0.3765824060044178
            ],
            [
                0.019849918036774293,
                0.019849918036774293,
                0.009924959018387147,
                0.009924959018387147,
                0.019849918036774293,
                0.473977172025481,
                0.059549754110322886,
                0.009924959018387147,
                0.3771484426987118
            ],
            [
                0.019852807110213515,
                0.019852807110213515,
                0.009926403555106758,
                0.009926403555106758,
                0.019852807110213515,
                0.4739006115793416,
                0.05955842133064055,
                0.009926403555106758,
                0.37720333509405696
            ],
            [
                0.019813095234132803,
                0.019813095234132803,
                0.009906547617066401,
                0.009906547617066401,
                0.019813095234132803,
                0.47495297629548056,
                0.05943928570239841,
                0.009906547617066401,
                0.37644880944852344
            ],
            [
                0.01980779967346534,
                0.00990389983673267,
                0.00990389983673267,
                0.00990389983673267,
                0.01980779967346534,
                0.4949011083266336,
                0.05942339902039603,
                0.00990389983673267,
                0.36644429395910894
            ],
            [
                0.019842352524215002,
                0.019842352524215002,
                0.009921176262107501,
                0.009921176262107501,
                0.019842352524215002,
                0.47417765810830226,
                0.059527057572645,
                0.009921176262107501,
                0.3770046979600852
            ],
            [
                0.019866415932529382,
                0.009933207966264691,
                0.009933207966264691,
                0.009933207966264691,
                0.019866415932529382,
                0.4934063937205006,
                0.059599247797588156,
                0.009933207966264691,
                0.3675286947517937
            ],
            [
                0.0198148611633786,
                0.0099074305816893,
                0.0099074305816893,
                0.0099074305816893,
                0.0198148611633786,
                0.48481360975215637,
                0.0594445834901358,
                0.0099074305816893,
                0.37648236210419356
            ],
            [
                0.01984742955205459,
                0.01984742955205459,
                0.009923714776027295,
                0.009923714776027295,
                0.01984742955205459,
                0.4740431168705532,
                0.05954228865616377,
                0.009923714776027295,
                0.37710116148903733
            ],
            [
                0.019814726644997845,
                0.019814726644997845,
                0.009907363322498922,
                0.009907363322498922,
                0.019814726644997845,
                0.4749097439075569,
                0.05944417993499354,
                0.009907363322498922,
                0.3764798062549592
            ],
            [
                0.019837360522229418,
                0.009918680261114709,
                0.009918680261114709,
                0.009918680261114709,
                0.019837360522229418,
                0.4743099461609202,
                0.05951208156668825,
                0.009918680261114709,
                0.3868285301834738
            ],
            [
                0.019838224209988816,
                0.009919112104994408,
                0.009919112104994408,
                0.009919112104994408,
                0.019838224209988816,
                0.4742870584352962,
                0.059514672629966445,
                0.009919112104994408,
                0.38684537209478204
            ],
            [
                0.019842754332910977,
                0.009921377166455489,
                0.009921377166455489,
                0.009921377166455489,
                0.019842754332910977,
                0.4741670101778588,
                0.059528262998732935,
                0.009921377166455489,
                0.38693370949176425
            ],
            [
                0.019863501882559097,
                0.009931750941279549,
                0.009931750941279549,
                0.009931750941279549,
                0.019863501882559097,
                0.4736172001121837,
                0.059590505647677296,
                0.009931750941279549,
                0.38733828670990256
            ],
            [
                0.01985931408470501,
                0.009929657042352505,
                0.009929657042352505,
                0.009929657042352505,
                0.01985931408470501,
                0.4935874908400222,
                0.059577942254115036,
                0.009929657042352505,
                0.3673973105670429
            ],
            [
                0.019838349933637506,
                0.009919174966818753,
                0.009919174966818753,
                0.009919174966818753,
                0.019838349933637506,
                0.4742837267586058,
                0.059515049800912524,
                0.009919174966818753,
                0.38684782370593157
            ],
            [
                0.01986732827068691,
                0.01986732827068691,
                0.009933664135343455,
                0.009933664135343455,
                0.01986732827068691,
                0.4536484725561098,
                0.06953564894740419,
                0.009933664135343455,
                0.38741290127839495
            ],
            [
                0.019839820081067362,
                0.019839820081067362,
                0.009919910040533681,
                0.009919910040533681,
                0.019839820081067362,
                0.46432485781118116,
                0.07935928032426945,
                0.009919910040533681,
                0.36703667149974634
            ],
            [
                0.01984887198733474,
                0.01984887198733474,
                0.00992443599366737,
                0.00992443599366737,
                0.01984887198733474,
                0.4839293283292967,
                0.059546615962004217,
                0.00992443599366737,
                0.3672041317656928
            ],
            [
                0.019815134934108282,
                0.019815134934108282,
                0.009907567467054141,
                0.009907567467054141,
                0.019815134934108282,
                0.5046216266472927,
                0.05944540480232485,
                0.009907567467054141,
                0.3467648613468951
            ],
            [
                0.019805044588435357,
                0.009902522294217678,
                0.009902522294217678,
                0.009902522294217678,
                0.019805044588435357,
                0.4850688407006805,
                0.06931765605952375,
                0.009902522294217678,
                0.36639332488605425
            ],
            [
                0.019804262669595698,
                0.009902131334797849,
                0.009902131334797849,
                0.009902131334797849,
                0.019804262669595698,
                0.47518703925571376,
                0.06931491934358494,
                0.009902131334797849,
                0.3762809907223184
            ],
            [
                0.019816359866586607,
                0.019816359866586607,
                0.009908179933293303,
                0.009908179933293303,
                0.019816359866586607,
                0.47486646353545475,
                0.06935725953305312,
                0.019816359866586607,
                0.35669447759855905
            ],
            [
                0.019810664019230713,
                0.019810664019230713,
                0.009905332009615356,
                0.009905332009615356,
                0.019810664019230713,
                0.475017403490386,
                0.0693373240673075,
                0.019810664019230713,
                0.356591952346153
            ],
            [
                0.019869875434360966,
                0.009934937717180483,
                0.009934937717180483,
                0.009934937717180483,
                0.019869875434360966,
                0.47344830098943425,
                0.06954456402026339,
                0.009934937717180483,
                0.37752763325285854
            ],
            [
                0.019823403737963787,
                0.009911701868981894,
                0.009911701868981894,
                0.009911701868981894,
                0.019823403737963787,
                0.4647680990749775,
                0.06938191308287327,
                0.009911701868981894,
                0.38655637289029404
            ],
            [
                0.019812466155034847,
                0.009906233077517423,
                0.009906233077517423,
                0.009906233077517423,
                0.019812466155034847,
                0.5046883461241286,
                0.05943739846510455,
                0.009906233077517423,
                0.3566243907906274
            ],
            [
                0.019852097092139375,
                0.009926048546069688,
                0.009926048546069688,
                0.009926048546069688,
                0.019852097092139375,
                0.4739194270583063,
                0.05955629127641813,
                0.009926048546069688,
                0.387115893296718
            ],
            [
                0.019862449523243994,
                0.009931224761621997,
                0.009931224761621997,
                0.009931224761621997,
                0.019862449523243994,
                0.47364508763403385,
                0.05958734856973198,
                0.009931224761621997,
                0.38731776570325804
            ],
            [
                0.01981001435999651,
                0.009905007179998255,
                0.009905007179998255,
                0.009905007179998255,
                0.01981001435999651,
                0.4750346194600922,
                0.05943004307998953,
                0.009905007179998255,
                0.38629528001993213
            ],
            [
                0.01981001435999651,
                0.009905007179998255,
                0.009905007179998255,
                0.009905007179998255,
                0.01981001435999651,
                0.4750346194600922,
                0.05943004307998953,
                0.009905007179998255,
                0.38629528001993213
            ],
            [
                0.01981001435999651,
                0.009905007179998255,
                0.009905007179998255,
                0.009905007179998255,
                0.01981001435999651,
                0.4750346194600922,
                0.05943004307998953,
                0.009905007179998255,
                0.38629528001993213
            ],
            [
                0.01981001435999651,
                0.009905007179998255,
                0.009905007179998255,
                0.009905007179998255,
                0.01981001435999651,
                0.4750346194600922,
                0.05943004307998953,
                0.009905007179998255,
                0.38629528001993213
            ],
            [
                0.01981001435999651,
                0.009905007179998255,
                0.009905007179998255,
                0.009905007179998255,
                0.01981001435999651,
                0.4750346194600922,
                0.05943004307998953,
                0.009905007179998255,
                0.38629528001993213
            ],
            [
                0.01981001435999651,
                0.009905007179998255,
                0.009905007179998255,
                0.009905007179998255,
                0.01981001435999651,
                0.4750346194600922,
                0.05943004307998953,
                0.009905007179998255,
                0.38629528001993213
            ],
            [
                0.01981001435999651,
                0.009905007179998255,
                0.009905007179998255,
                0.009905007179998255,
                0.01981001435999651,
                0.4750346194600922,
                0.05943004307998953,
                0.009905007179998255,
                0.38629528001993213
            ],
            [
                0.01981001435999651,
                0.009905007179998255,
                0.009905007179998255,
                0.009905007179998255,
                0.01981001435999651,
                0.4750346194600922,
                0.05943004307998953,
                0.009905007179998255,
                0.38629528001993213
            ],
            [
                0.01981001435999651,
                0.009905007179998255,
                0.009905007179998255,
                0.009905007179998255,
                0.01981001435999651,
                0.4750346194600922,
                0.05943004307998953,
                0.009905007179998255,
                0.38629528001993213
            ],
            [
                0.01981001435999651,
                0.009905007179998255,
                0.009905007179998255,
                0.009905007179998255,
                0.01981001435999651,
                0.4750346194600922,
                0.05943004307998953,
                0.009905007179998255,
                0.38629528001993213
            ],
            [
                0.019844721736180775,
                0.009922360868090388,
                0.009922360868090388,
                0.009922360868090388,
                0.019844721736180775,
                0.48403723485929984,
                0.05953416520854232,
                0.009922360868090388,
                0.3770497129874349
            ],
            [
                0.019844721736180775,
                0.009922360868090388,
                0.009922360868090388,
                0.009922360868090388,
                0.019844721736180775,
                0.48403723485929984,
                0.05953416520854232,
                0.009922360868090388,
                0.3770497129874349
            ],
            [
                0.019844721736180775,
                0.009922360868090388,
                0.009922360868090388,
                0.009922360868090388,
                0.019844721736180775,
                0.48403723485929984,
                0.05953416520854232,
                0.009922360868090388,
                0.3770497129874349
            ],
            [
                0.019844721736180775,
                0.009922360868090388,
                0.009922360868090388,
                0.009922360868090388,
                0.019844721736180775,
                0.48403723485929984,
                0.05953416520854232,
                0.009922360868090388,
                0.3770497129874349
            ],
            [
                0.019844721736180775,
                0.009922360868090388,
                0.009922360868090388,
                0.009922360868090388,
                0.019844721736180775,
                0.48403723485929984,
                0.05953416520854232,
                0.009922360868090388,
                0.3770497129874349
            ],
            [
                0.019844721736180775,
                0.009922360868090388,
                0.009922360868090388,
                0.009922360868090388,
                0.019844721736180775,
                0.48403723485929984,
                0.05953416520854232,
                0.009922360868090388,
                0.3770497129874349
            ],
            [
                0.019844721736180775,
                0.009922360868090388,
                0.009922360868090388,
                0.009922360868090388,
                0.019844721736180775,
                0.48403723485929984,
                0.05953416520854232,
                0.009922360868090388,
                0.3770497129874349
            ],
            [
                0.019844721736180775,
                0.009922360868090388,
                0.009922360868090388,
                0.009922360868090388,
                0.019844721736180775,
                0.48403723485929984,
                0.05953416520854232,
                0.009922360868090388,
                0.3770497129874349
            ],
            [
                0.019844721736180775,
                0.009922360868090388,
                0.009922360868090388,
                0.009922360868090388,
                0.019844721736180775,
                0.48403723485929984,
