[
    {
        "T": 403,
        "best_arm": 6,
        "w_s": [
            [
                0.052698245873794125,
                0.09455776544021512,
                0.03896207748131091,
                0.03092224798415312,
                0.06810683728001214,
                0.05959421538428535,
                0.35975955877678506,
                0.05010192805170134,
                0.10547536220101528,
                0.030073622080997,
                0.05021771614433092,
                0.05953042330155061
            ],
            [
                0.05303076463096021,
                0.08709483077595029,
                0.04067948368315662,
                0.033272103618076455,
                0.06615659134361009,
                0.05900849843466485,
                0.37249986690955966,
                0.050741369701230776,
                0.09524218663642163,
                0.032492007247665884,
                0.05083170016392729,
                0.05895059683741063
            ],
            [
                0.05325325272362801,
                0.08632998294915076,
                0.04068810567617234,
                0.0332327476480979,
                0.0663765919073347,
                0.05926927720174285,
                0.37345069342736953,
                0.05092996492948918,
                0.09376083169974507,
                0.03245927406508813,
                0.05103472486256598,
                0.05921455292203402
            ],
            [
                0.053195371043306024,
                0.08736383382228119,
                0.04049390742063303,
                0.032912856353260134,
                0.06658880467388766,
                0.059289877626895436,
                0.37172142287623205,
                0.05084385989473089,
                0.09528185509315149,
                0.032119205396662916,
                0.05093524539744107,
                0.05925376040777217
            ],
            [
                0.05270991093533846,
                0.09498677297161727,
                0.03893766822232849,
                0.030756893667521178,
                0.068130168003768,
                0.059606190536063655,
                0.3588354696417402,
                0.050116088892331316,
                0.10626725772040108,
                0.02988483863864329,
                0.050235187526647275,
                0.05953355323467072
            ],
            [
                0.05358616578570202,
                0.08692041742905461,
                0.0405895299108353,
                0.03246534185712134,
                0.06684159804108641,
                0.059679999638588804,
                0.37172481981138533,
                0.05121827187909755,
                0.09443734163635559,
                0.031589320439061326,
                0.05132749769001988,
                0.059619695881944046
            ],
            [
                0.053405693132989665,
                0.08748773062696351,
                0.0405126892686034,
                0.032568895859717985,
                0.06673090808084156,
                0.059537351088521,
                0.3711394401567206,
                0.050997135539822096,
                0.09532281934925275,
                0.03172086877350212,
                0.05111493044431427,
                0.05946153778273129
            ],
            [
                0.05393738174147776,
                0.09131301016128271,
                0.03926182356698089,
                0.030258141237805587,
                0.06891570306882341,
                0.0608362445205697,
                0.36320651236387713,
                0.05125612366900619,
                0.0995594753951382,
                0.02930509162857473,
                0.05137666452770143,
                0.060773828119134475
            ],
            [
                0.05370126048530124,
                0.08912817164123017,
                0.03994705269634742,
                0.031444108147854914,
                0.0677805940370364,
                0.060169356732009516,
                0.3675713674940937,
                0.05119117945731426,
                0.09712076170170897,
                0.030535223212787663,
                0.05130381184587822,
                0.060107112551538125
            ],
            [
                0.05313552844902957,
                0.08695512573449606,
                0.04061138667897444,
                0.03316931188244265,
                0.06637132293902506,
                0.05917855292164796,
                0.3725396096726222,
                0.050812592588236595,
                0.09479559276402051,
                0.03239062349945158,
                0.050916796014390885,
                0.05912355685858755
            ],
            [
                0.053274665466252084,
                0.0875995303147142,
                0.04040160411821827,
                0.03270103403332773,
                0.06679924540317746,
                0.059460092003614566,
                0.3711737655433848,
                0.050891821103674365,
                0.09540477107530343,
                0.031890846774276976,
                0.0509988374562875,
                0.05940378671556186
            ],
            [
                0.053460752265323375,
                0.08804617346407974,
                0.0402539920739536,
                0.03223094447327527,
                0.06717498609490495,
                0.05974899813651538,
                0.37002339701863124,
                0.0510304152722235,
                0.09581890950298728,
                0.031379495910926536,
                0.05113948626968162,
                0.059692449520210376
            ],
            [
                0.05310223614586133,
                0.08709669984565782,
                0.04061790501562215,
                0.033169321914880236,
                0.06632945813535357,
                0.05913267159614936,
                0.3723140167581271,
                0.050786451426928496,
                0.095097074231235,
                0.032386096706948746,
                0.05089024520096233,
                0.05907782302697686
            ],
            [
                0.053544654912351795,
                0.08701708856906146,
                0.040568169069009744,
                0.03248774322264539,
                0.06682137971022152,
                0.05964521237448149,
                0.3716478816676185,
                0.051176879386441824,
                0.09459906141492155,
                0.03161806133707842,
                0.05128350597062169,
                0.05959036235800312
            ],
            [
                0.0535662889891549,
                0.08696546923709567,
                0.040575009750150014,
                0.0324753833643532,
                0.06683464541918113,
                0.05966644704673101,
                0.37170248414556184,
                0.051197198725034004,
                0.09449931919856182,
                0.031603067304641616,
                0.05130358481214157,
                0.059611102001110076
            ],
            [
                0.05395438532102297,
                0.09237781052612068,
                0.03897351541875685,
                0.02982739806612102,
                0.06930227777205891,
                0.06101658638969077,
                0.36125291234219314,
                0.05121279145127702,
                0.10093072637388813,
                0.028862948478147042,
                0.05133599977760509,
                0.06095264808311853
            ],
            [
                0.05386877051668639,
                0.09484979689823986,
                0.03838405477538617,
                0.028999654536621188,
                0.0699473962533255,
                0.06123191561725245,
                0.3569436222921555,
                0.05102247001106514,
                0.10442269496404805,
                0.028013321576439685,
                0.05115026835417284,
                0.06116603420718865
            ],
            [
                0.05341036235635677,
                0.08745906382288554,
                0.040494405419502,
                0.032529879921753435,
                0.06679777661667408,
                0.05953945468437497,
                0.37106497528135307,
                0.05104178183600759,
                0.09535764484494243,
                0.03167479918308172,
                0.05114547510934434,
                0.059484380927317
            ],
            [
                0.0537654603420047,
                0.09029274793836611,
                0.039605696660820804,
                0.030895986232893295,
                0.06828626167874485,
                0.0604411253420849,
                0.3653765904730035,
                0.05117479134114571,
                0.0985195252491456,
                0.029971440870665774,
                0.05129359842476323,
                0.06037677545122352
            ],
            [
                0.053674623006735825,
                0.0970487388943512,
                0.037949579369326754,
                0.028441291586476115,
                0.07028514878049841,
                0.061233060627764305,
                0.3533298770273562,
                0.05077110576477491,
                0.10776219447677814,
                0.02743912506606938,
                0.05090111972203046,
                0.06116413567604792
            ],
            [
                0.05356930141684032,
                0.09664638730632782,
                0.03811188547641585,
                0.028756958590773346,
                0.06997618284569761,
                0.06102510426487279,
                0.35420695261759266,
                0.05071601688440913,
                0.10741037234266991,
                0.0277717090983452,
                0.05084773468414668,
                0.06096139447395494
            ],
            [
                0.053288894903327395,
                0.09835368827562897,
                0.03780850571599053,
                0.02852249441257279,
                0.0701243739585483,
                0.060879279542181274,
                0.35183527057320346,
                0.050402560536947805,
                0.10990599419336336,
                0.027537957453729445,
                0.05053159040541344,
                0.06080939002711309
            ],
            [
                0.05306767120445703,
                0.09745802023773441,
                0.038155204012052045,
                0.029237952025848377,
                0.06947023420388931,
                0.060436000722017845,
                0.35376818132489174,
                0.050276052703677195,
                0.10907175054171615,
                0.028289878169667236,
                0.0504009558431858,
                0.060368098990541665
            ],
            [
                0.053533402810673265,
                0.09702775734215059,
                0.03803454991996464,
                0.02866455311613216,
                0.07004081402680061,
                0.0610268973306001,
                0.35359766992883923,
                0.05066901269394363,
                0.10798039647329662,
                0.027678059216592804,
                0.05079026650603935,
                0.06095662064668959
            ],
            [
                0.05344022721505464,
                0.09848356922605944,
                0.03771261427679916,
                0.028253343050576512,
                0.07039404381273973,
                0.06110476063322089,
                0.35126971395742845,
                0.05051654120179164,
                0.10989103667136406,
                0.027252311664683997,
                0.05064737351896832,
                0.06103446477283205
            ],
            [
                0.052891247327144314,
                0.09654307068931008,
                0.038474971819954434,
                0.029857323573153276,
                0.06888744654270107,
                0.06005587620693171,
                0.3557455996304667,
                0.05018580650371465,
                0.10812483897756517,
                0.0289375931287768,
                0.05030658314468935,
                0.05998964245559247
            ],
            [
                0.05278060406069253,
                0.0960898557216736,
                0.038630004238280335,
                0.030212610994803654,
                0.06859404539124868,
                0.05985084783105714,
                0.3567614804142967,
                0.05011698315451443,
                0.10762781953990413,
                0.029314565628145932,
                0.05023602262557215,
                0.059785160403775864
            ],
            [
                0.05283966861645772,
                0.09650744223476854,
                0.03850279159557152,
                0.02995642813971671,
                0.06880760745177458,
                0.059987901309913536,
                0.35588722621308916,
                0.05014443855210194,
                0.1081342101846878,
                0.029044800834620813,
                0.05026547096495737,
                0.059922013902872724
            ],
            [
                0.05270988745883561,
                0.09498525787051391,
                0.038940001347760114,
                0.030757872214610873,
                0.06812879988686545,
                0.0596015913911256,
                0.35883899204892156,
                0.050117265414913924,
                0.10626510702959571,
                0.02988492678910497,
                0.050232744752608444,
                0.05953755380238887
            ],
            [
                0.052880917874039,
                0.09649347784785049,
                0.038493141178120235,
                0.029895461512594187,
                0.0688562119938825,
                0.06003486383090441,
                0.35584825030419776,
                0.050180055341133734,
                0.10807047789837675,
                0.028977793507743262,
                0.05030064671911383,
                0.059968701992043794
            ],
            [
                0.05327554642740988,
                0.09759189758408797,
                0.038019546983205504,
                0.028849785154927466,
                0.06984466803660465,
                0.0607496859642789,
                0.35317532611538144,
                0.050436054745549096,
                0.10894194682827445,
                0.027876524850911244,
                0.05056078982906439,
                0.06067822747574226
            ],
            [
                0.05330244401336066,
                0.09866705119788538,
                0.037734038325944325,
                0.02840314807079228,
                0.07024414220762447,
                0.0609376348408509,
                0.3512097105701683,
                0.05039795190663857,
                0.11029564552075138,
                0.027414686835207674,
                0.05052742628706297,
                0.060866120218266866
            ],
            [
                0.05358470586239339,
                0.0987634912800748,
                0.03755574907633112,
                0.02792543199379075,
                0.07072586032523058,
                0.06135536314305985,
                0.35047670279727716,
                0.05061218848060829,
                0.11005974252112978,
                0.026911396374274893,
                0.050744656178158806,
                0.06128471196241688
            ],
            [
                0.053451981275524,
                0.09853524974891434,
                0.037693366873599914,
                0.0282152976058462,
                0.07043003773478686,
                0.061128861885605734,
                0.35115477904280973,
                0.050522854549617476,
                0.10994234750673526,
                0.027212551553705302,
                0.050654141469460665,
                0.061058530755732546
            ],
            [
                0.052885949481869574,
                0.09562652084597618,
                0.03870690785263249,
                0.03020504609978251,
                0.06856334389042315,
                0.05991328732339501,
                0.35739901377579353,
                0.05022927406149311,
                0.10697749528907312,
                0.029296853807698215,
                0.05034793342163071,
                0.059848374155273505
            ],
            [
                0.05282553060215035,
                0.09500278155930175,
                0.03888574805407063,
                0.03052708137469253,
                0.06826287949875146,
                0.05975024450206689,
                0.358627082693533,
                0.05021703681803408,
                0.10625588889841728,
                0.029634779051464808,
                0.050324884097851824,
                0.059686062868319976
            ],
            [
                0.05291923881789919,
                0.09592402295699899,
                0.038617274877903035,
                0.030042670291650794,
                0.06871436238223888,
                0.06000239255251836,
                0.35679893795458306,
                0.050240416689185954,
                0.10731642805196016,
                0.02912734950168384,
                0.05036008628168647,
                0.05993681964133035
            ],
            [
                0.0531214742236245,
                0.09815079703111769,
                0.03795360131744089,
                0.028894175005578022,
                0.06979282448431755,
                0.060613268367117924,
                0.35242921092095925,
                0.05028275158206126,
                0.10987573534794208,
                0.027932619008251773,
                0.05040947099564759,
                0.060544071717424826
            ],
            [
                0.052942739638523764,
                0.09614794259624196,
                0.03854988026184986,
                0.029922778297766663,
                0.06882601623367272,
                0.060067294214978306,
                0.35635050009525115,
                0.05024737178933147,
                0.10757363940632823,
                0.02900244611655604,
                0.050367860950116215,
                0.060001530395742984
            ],
            [
                0.05289447246775257,
                0.09570582574044759,
                0.03868326891139064,
                0.030162378094478547,
                0.06860279871245979,
                0.059936440334241184,
                0.3572396094673107,
                0.050231971018931565,
                0.10706868898488511,
                0.029252311374448104,
                0.05035087820215657,
                0.059871356691497624
            ]
        ],
        "lambdas": [
            0.36594332743201546,
            1.8573579627632422,
            3.255107497168578,
            3.67294002801719,
            2.1985453833898427,
            4.703561489169952,
            5.473704883407055,
            5.836510863558268,
            6.833535180369829,
            9.600936638537805,
            9.792050941744716,
            10.078872145981252,
            12.148791561528865,
            11.15133523140807,
            11.944656530909747,
            11.829513993466417,
            11.895133316599011,
            14.650526325468627,
            14.396234790556695,
            12.654459803056557,
            12.941335034343604,
            11.441514992130598,
            11.565200280742518,
            14.396120274318484,
            13.417417368357697,
            12.453804361905204,
            12.340638249288647,
            13.118778499705655,
            12.83449657198943,
            14.309741815518521,
            16.333073703704134,
            16.63100477844536,
            18.385598038552764,
            18.28697259572331,
            17.095629779026414,
            17.454393534083653,
            18.19087730558813,
            19.19039864070558,
            19.257357715985243,
            19.568170461224277,
            20.549961936622115
        ],
        "betas": [
            15.14155941921932,
            16.55498352560415,
            17.245208692494305,
            17.695761029955744,
            18.01851005929307,
            18.269592528777522,
            18.451616116610417,
            18.633680793194664,
            18.79321645076281,
            18.926186669979653,
            19.040412659317923,
            19.14844877296134,
            19.243150690464702,
            19.33217247535432,
            19.41168311486978,
            19.48472712589672,
            19.552348218516443,
            19.613756414989044,
            19.673091690438437,
            19.727876812526663,
            19.78037786554943,
            19.82877341690018,
            19.876473500076706,
            19.920902123042506,
            19.963078107276537,
            20.00335750646565,
            20.041695878343127,
            20.078633872070558,
            20.113967847613637,
            20.147933080492585,
            20.180551845413145,
            20.211991522733598,
            20.242307168930665,
            20.27157199558584,
            20.299852435859133,
            20.327208947058743,
            20.353696698644676,
            20.379319864376946,
            20.404278218156986,
            20.428390266396857,
            20.435528804677976
        ]
    },
    {
        "T": 611,
        "best_arm": 6,
        "w_s": [
            [
                0.05579499809088747,
                0.10730041466310004,
                0.035011374556642154,
                0.02122451609450201,
                0.07622240617953419,
                0.06523593033307824,
                0.33071583631640045,
                0.05208961577314067,
                0.11930942020879162,
                0.019687654351634748,
                0.05225679504511921,
                0.06515103839059129
            ],
            [
                0.052852579669888204,
                0.09766321790023015,
                0.03767919509973333,
                0.029548326201397385,
                0.06996469903598357,
                0.06056493502763221,
                0.3541140341595062,
                0.04994409979395193,
                0.10833893282843785,
                0.028762487082917936,
                0.05007369519518635,
                0.060493798005139494
            ],
            [
                0.05292827348033092,
                0.09885014959963109,
                0.03747047817019514,
                0.02895319926191167,
                0.07034951427712312,
                0.06076656666435617,
                0.35186947610791436,
                0.04997462764100244,
                0.10993666167585742,
                0.028100622348289882,
                0.050106243270710865,
                0.06069418750267801
            ],
            [
                0.053984598033098595,
                0.09836563291175277,
                0.0379898104798064,
                0.027495662081330148,
                0.0705976207914124,
                0.06151880840816111,
                0.3500722857575185,
                0.051083765593339055,
                0.10991185457215819,
                0.026315972905417453,
                0.05121404576239807,
                0.06144994270710428
            ],
            [
                0.05315942030639618,
                0.09707035146746025,
                0.037705300809417086,
                0.029287764725933876,
                0.07018242956753523,
                0.06087873719813842,
                0.35458345604126024,
                0.05022586362678032,
                0.1072674992924123,
                0.028474414702096912,
                0.050356853688951264,
                0.060807908573627875
            ],
            [
                0.0552806042683751,
                0.1041083629795434,
                0.03587228227551464,
                0.02324699084442037,
                0.07458169733392678,
                0.06418308483024888,
                0.337463489795036,
                0.051797309006016944,
                0.11555141174319393,
                0.02185768871208417,
                0.05195430776822378,
                0.06410277044684728
            ],
            [
                0.05410178323446826,
                0.09679939286388665,
                0.03793246922247955,
                0.0278817874947798,
                0.0707594887907392,
                0.06173024706684781,
                0.3529402810063555,
                0.05114855191956002,
                0.10695920477664542,
                0.0268044802791006,
                0.051281290632880824,
                0.061661022730148785
            ],
            [
                0.05501095271752113,
                0.10247127834072951,
                0.03633610506965615,
                0.024294026665752016,
                0.07371269237668047,
                0.0636243037763975,
                0.34093094723547324,
                0.051647888405700185,
                0.11365027946558702,
                0.022975656240606376,
                0.05179937212697689,
                0.06354649757891966
            ],
            [
                0.05364143907388723,
                0.09411918341617158,
                0.03876065102430652,
                0.02959900439740653,
                0.06921464975565805,
                0.06074033774982115,
                0.3586665857473772,
                0.05090750428443364,
                0.1040257865487535,
                0.028619140535351178,
                0.05103013971420895,
                0.060675577752624624
            ],
            [
                0.053499796375327806,
                0.09423532789411393,
                0.038718690700514626,
                0.029783792347628395,
                0.06915876067431587,
                0.06062345107250193,
                0.3587977159282701,
                0.05076606003060483,
                0.1041309523962922,
                0.028838497974169104,
                0.05088858087713398,
                0.06055837372912726
            ],
            [
                0.054074225396069375,
                0.09661920142139294,
                0.037986653271299145,
                0.027993105304434798,
                0.0706615281454405,
                0.061668715856932795,
                0.3533175486178485,
                0.05113490180017899,
                0.10675526436221851,
                0.02692217400410898,
                0.05126695034180069,
                0.06159973147827505
            ],
            [
                0.054366748887245325,
                0.09833104372701906,
                0.037513698452601336,
                0.02687854206052647,
                0.07155055643489355,
                0.06225027204800382,
                0.34964127087031077,
                0.051305346710157025,
                0.10881252446958982,
                0.025728156826635953,
                0.05144305620023425,
                0.06217878331833868
            ],
            [
                0.054668830711331905,
                0.10054475294562468,
                0.0368960388679039,
                0.025574348643401097,
                0.07265461994467236,
                0.0629332608572939,
                0.3450405106821918,
                0.05145232356377421,
                0.11143662801990885,
                0.02434316472504034,
                0.05159707123058257,
                0.06285844980827457
            ],
            [
                0.05465722378710637,
                0.10048388446298852,
                0.03691361393198518,
                0.025615244093991726,
                0.07262024744411716,
                0.06291048639437825,
                0.3451739168149734,
                0.051445436768281914,
                0.11136733719734374,
                0.024386871432390485,
                0.05158996694120687,
                0.06283577073123636
            ],
            [
                0.05362061079839431,
                0.09419909357057842,
                0.03874303285533509,
                0.029579073255991063,
                0.06922063092803273,
                0.06074589409768761,
                0.3585222233304025,
                0.050899334152290435,
                0.10415817945287013,
                0.028595973053995413,
                0.05102857882218588,
                0.06068737580566389
            ],
            [
                0.05314033761015672,
                0.09567136776787918,
                0.03841621090661997,
                0.029831226461716636,
                0.06927452752985219,
                0.060425652019496554,
                0.35697568610511216,
                0.05037393575470098,
                0.10609695929337479,
                0.02893791465827148,
                0.05049753528278758,
                0.06035864661003167
            ],
            [
                0.052884246009246336,
                0.09566709715602037,
                0.0385377369952962,
                0.030216590766989144,
                0.06886562293373884,
                0.060062900689366955,
                0.35749244642969896,
                0.05017350256122094,
                0.10646076809537314,
                0.029347910657067225,
                0.050294582059214894,
                0.05999659564748436
            ],
            [
                0.052767123990288954,
                0.09506381189669945,
                0.03877314490160375,
                0.03062547708731412,
                0.06843105704931442,
                0.05978721587113975,
                0.358758735952465,
                0.05012151020007148,
                0.10594040751702391,
                0.029770250748109447,
                0.050239307988875014,
                0.05972195678674895
            ],
            [
                0.05278961736283417,
                0.09520075275019076,
                0.038720786473585976,
                0.03053827772683301,
                0.06852174243353262,
                0.05984459733991747,
                0.35847880020910694,
                0.05013065065754067,
                0.10606500856910056,
                0.029680562696426372,
                0.050249154658907315,
                0.05978004911289615
            ],
            [
                0.052729087256164736,
                0.0951995155495448,
                0.03878638400891285,
                0.03063099298234044,
                0.06837466897984201,
                0.05973139337983638,
                0.35856260471502704,
                0.05009306545521958,
                0.10624479022832263,
                0.0297703990510486,
                0.05021057270477667,
                0.05966652569115947
            ],
            [
                0.052819803206071186,
                0.09543943671081068,
                0.038639103073285934,
                0.030402121021134834,
                0.06866648152431207,
                0.059928611586537665,
                0.35800371411167264,
                0.0501388425550072,
                0.10630065151849778,
                0.029539886174775595,
                0.05025847753302828,
                0.05986287098722782
            ],
            [
                0.05301523905717517,
                0.0957095563773454,
                0.03845388587290839,
                0.029997180794543107,
                0.06910221993965268,
                0.06026161096441301,
                0.3571811195342421,
                0.050271202137476434,
                0.10630255011431688,
                0.029116873273393306,
                0.05039372423842517,
                0.060194837696132236
            ],
            [
                0.05316662278804546,
                0.09565548550388787,
                0.038409637535922844,
                0.029795735023606447,
                0.06930692045293456,
                0.0604584829540731,
                0.35695398709882165,
                0.05039603562064763,
                0.10604651385491079,
                0.028899290312510286,
                0.05051984234505659,
                0.06039144650958285
            ],
            [
                0.05277416603634761,
                0.09511535757035651,
                0.038753849306376445,
                0.030591898606428993,
                0.06846949441263835,
                0.05981118045648237,
                0.3586540283786327,
                0.05012399510173077,
                0.10598060810164844,
                0.029735106728314562,
                0.050242737456467255,
                0.05974757783371107
            ],
            [
                0.05299022207328248,
                0.09571789745941169,
                0.03846419446373291,
                0.030033800472128173,
                0.06906313689605784,
                0.060226192762330245,
                0.35721320166305204,
                0.050252098709115976,
                0.10635015828416067,
                0.029155944497201738,
                0.05037376302285686,
                0.060159389695726165
            ],
            [
                0.052999836734059,
                0.0957142363130156,
                0.03846043526774431,
                0.03001946980539278,
                0.06907920687856478,
                0.060240439091885,
                0.35720101043376307,
                0.050258953922770445,
                0.10633076777461707,
                0.029140645807858818,
                0.05038131089955342,
                0.06017368707087836
            ],
            [
                0.052918626829017976,
                0.09571032092539757,
                0.038506640035862336,
                0.03014685670859076,
                0.06894238606999009,
                0.06012260991106215,
                0.35735515930394557,
                0.050197386155387026,
                0.10644998013563653,
                0.029275209373748064,
                0.05031939022913038,
                0.06005543432041347
            ],
            [
                0.05293286856282348,
                0.09571619448245683,
                0.03849629076320286,
                0.030123070955380457,
                0.06896846332990635,
                0.060143350483298726,
                0.3573179704646871,
                0.050207654183527774,
                0.10643763034879562,
                0.029250315989109647,
                0.05032910521642405,
                0.06007708521889185
            ],
            [
                0.05296541006294218,
                0.09572246100899152,
                0.03847667030820703,
                0.03007011346354,
                0.06902633508125725,
                0.06019235838016972,
                0.35725070666303066,
                0.05023233633718675,
                0.10638926857357896,
                0.029194317427512016,
                0.05035409261906781,
                0.060125930073491624
            ],
            [
                0.05271156306249166,
                0.09471257670311267,
                0.038909905953977274,
                0.03084334836780606,
                0.06819111475856174,
                0.05964098313892917,
                0.3594653352203495,
                0.05010233311512085,
                0.1056343823159951,
                0.02999299161295843,
                0.05021866307985925,
                0.05957680267097828
            ],
            [
                0.05270742233163992,
                0.0946727295538314,
                0.03892402654454708,
                0.03086472366916208,
                0.06816774119449885,
                0.059627708671212476,
                0.3595421417529987,
                0.05010178002413621,
                0.10559525932463266,
                0.030014836877148062,
                0.0502179972941119,
                0.05956363276222677
            ],
            [
                0.05279102252136667,
                0.09523812410482739,
                0.0387116648747436,
                0.03052046027719542,
                0.06854183778772031,
                0.05985243959071425,
                0.35841173137131555,
                0.05012968952538406,
                0.106102715684378,
                0.029662326459126222,
                0.0502490351397735,
                0.05978895265382257
            ],
            [
                0.0527499513252752,
                0.09709801397030088,
                0.03829835390811675,
                0.029865462678857365,
                0.0690399239910491,
                0.06003129435014191,
                0.35516758652597247,
                0.05001299641172291,
                0.10866165157862982,
                0.028975776393588223,
                0.05013506163135036,
                0.05996392724110197
            ],
            [
                0.052698689568285134,
                0.09456420858534025,
                0.038959954970147356,
                0.030919053691594475,
                0.0681101927128401,
                0.05959605163242875,
                0.35974720906821406,
                0.050101938111016,
                0.10548250403280597,
                0.030070349922769368,
                0.05021770824091442,
                0.05953213946379082
            ],
            [
                0.05270690478154477,
                0.09466677978120183,
                0.03892601737229635,
                0.03086772910174124,
                0.06816459339842372,
                0.059625946218237115,
                0.35955320555841436,
                0.05010174430166261,
                0.10558942072605308,
                0.030017875601712728,
                0.05021791220834095,
                0.059561870950465313
            ],
            [
                0.05278562733501186,
                0.09518853204220955,
                0.038727471984512325,
                0.03054828515125825,
                0.0685149600798969,
                0.059836506319237745,
                0.3585103157638269,
                0.050129387472627705,
                0.10604781591522647,
                0.02969054634084638,
                0.050248168672324574,
                0.059772382914058175
            ],
            [
                0.052919558950383576,
                0.09570929691542973,
                0.038505998071680994,
                0.030147166887504392,
                0.06894191355847408,
                0.06012193046298629,
                0.35735490154571764,
                0.0501973938345667,
                0.10645226572584646,
                0.02927567025334381,
                0.05031907048016347,
                0.06005483331043006
            ],
            [
                0.05286663508537245,
                0.09562890883327627,
                0.038558618109346986,
                0.030257995929967387,
                0.06882060812590622,
                0.060030308895478564,
                0.3575899796437355,
                0.05016268286563769,
                0.10644592141264442,
                0.029390932193681545,
                0.050283264802752387,
                0.05996414410358594
            ],
            [
                0.0527317772832944,
                0.0948598806095669,
                0.03885387152156089,
                0.030756462016013977,
                0.06828778766573691,
                0.059698470371599914,
