[
    {
        "T": 981,
        "best_arm": 0,
        "w_s": [
            [
                0.5331737611970027,
                0.2344851200010787,
                0.23234111880191857
            ],
            [
                0.5245292991489383,
                0.23864038019874284,
                0.23683032065231888
            ],
            [
                0.5216553330252116,
                0.23999501085790226,
                0.2383496561168861
            ],
            [
                0.5000116571618738,
                0.250233290039655,
                0.24975505279847132
            ],
            [
                0.5259811146425754,
                0.237926934863845,
                0.23609195049357973
            ],
            [
                0.5327230959625947,
                0.23469318162518937,
                0.23258372241221584
            ],
            [
                0.5257022931380316,
                0.23763655846852397,
                0.23666114839344443
            ],
            [
                0.5353239170824023,
                0.23334353126395813,
                0.23133255165363953
            ],
            [
                0.5314540198047538,
                0.23500783645572473,
                0.23353814373952145
            ],
            [
                0.5284583799751944,
                0.23632503366829796,
                0.2352165863565075
            ],
            [
                0.519997554880837,
                0.24001215707321125,
                0.2399902880459516
            ],
            [
                0.5181232657863244,
                0.24082673808767394,
                0.2410499961260016
            ],
            [
                0.5136711124548113,
                0.2427095723400393,
                0.24361931520514937
            ],
            [
                0.5112604009225612,
                0.2437487353678557,
                0.2449908637095831
            ],
            [
                0.5100901303603952,
                0.24424378389188148,
                0.2456660857477233
            ],
            [
                0.5145400612331075,
                0.24234872089251205,
                0.24311121787438042
            ],
            [
                0.5185759407229529,
                0.2406002855883061,
                0.2408237736887411
            ],
            [
                0.5240088382480351,
                0.23820908794131324,
                0.2377820738106516
            ],
            [
                0.5264282599268539,
                0.23713262883914293,
                0.23643911123400307
            ],
            [
                0.5249463721508076,
                0.23778756846935467,
                0.23726605937983775
            ],
            [
                0.5322596089187609,
                0.23456734848088517,
                0.2331730426003539
            ],
            [
                0.5306530579759952,
                0.23528116462536092,
                0.23406577739864393
            ],
            [
                0.525864677373506,
                0.23744588223874621,
                0.23668944038774783
            ],
            [
                0.5213978711444375,
                0.2394958738288921,
                0.2391062550266705
            ],
            [
                0.5217079923386891,
                0.23935433540561912,
                0.23893767225569176
            ],
            [
                0.5266031664205567,
                0.23712771174640437,
                0.23626912183303886
            ],
            [
                0.5195044825449747,
                0.240429683485839,
                0.2400658339691863
            ],
            [
                0.5187338870226256,
                0.24079081243956113,
                0.24047530053781335
            ],
            [
                0.5151481438522827,
                0.24245528660130267,
                0.24239656954641475
            ],
            [
                0.5148631226067552,
                0.24258787299839146,
                0.24254900439485347
            ],
            [
                0.514285711607459,
                0.2428571097956395,
                0.24285717859690145
            ],
            [
                0.5137469842836989,
                0.24310864563455356,
                0.2431443700817475
            ],
            [
                0.5135159879616976,
                0.2432168318827171,
                0.24326718015558524
            ],
            [
                0.5130039753244503,
                0.24345716733363046,
                0.24353885734191927
            ],
            [
                0.5102086971051198,
                0.24475939230140964,
                0.24503191059347054
            ],
            [
                0.5100175751909308,
                0.2448399276671205,
                0.2451424971419487
            ],
            [
                0.509709686903497,
                0.24498234550851555,
                0.2453079675879873
            ],
            [
                0.5071054625992697,
                0.24617801556145916,
                0.2467165218392711
            ],
            [
                0.5070864203966746,
                0.24618669613074523,
                0.24672688347258012
            ],
            [
                0.5095472792401712,
                0.24505060945985468,
                0.2454021112999741
            ],
            [
                0.5022829734301435,
                0.24836913720528897,
                0.2493478893645676
            ],
            [
                0.5044754557581962,
                0.24736577089619946,
                0.2481587733456044
            ],
            [
                0.5022515741933501,
                0.24839253231105968,
                0.2493558934955902
            ],
            [
                0.5088224553193457,
                0.24534780173870469,
                0.2458297429419496
            ],
            [
                0.5081468386454573,
                0.24566159426987555,
                0.24619156708466708
            ],
            [
                0.508084925358022,
                0.2456903554695054,
                0.24622471917247263
            ],
            [
                0.5058315529054416,
                0.2467474561862952,
                0.24742099090826328
            ],
            [
                0.5057552974686901,
                0.24678328488091344,
                0.2474614176503965
            ],
            [
                0.5056842522101195,
                0.24682287972759986,
                0.2474928680622806
            ],
            [
                0.5036507650254157,
                0.24780350856941707,
                0.2485457264051672
            ],
            [
                0.5036575993387633,
                0.2478002398437459,
                0.24854216081749073
            ],
            [
                0.5036682175228957,
                0.2477953738841368,
                0.24853640859296736
            ],
            [
                0.5057056974959344,
                0.24682166639717107,
                0.24747263610689452
            ],
            [
                0.503397048182101,
                0.24792151190829387,
                0.2486814399096052
            ],
            [
                0.5000265042495767,
                0.24952802179635603,
                0.25044547395406713
            ],
            [
                0.5034082152380047,
                0.24792015934583048,
                0.24867162541616483
            ],
            [
                0.504986481811342,
                0.2471684528285902,
                0.2478450653600677
            ],
            [
                0.5065148939793179,
                0.24643962936903033,
                0.2470454766516517
            ],
            [
                0.5063951564499874,
                0.24649682771782308,
                0.2471080158321895
            ],
            [
                0.5114103422346213,
                0.24408694681920667,
                0.24450271094617199
            ],
            [
                0.510832961243723,
                0.24436459138753072,
                0.2448024473687462
            ],
            [
                0.5106195241128489,
                0.2444672665755703,
                0.24491320931158073
            ],
            [
                0.5089632197487974,
                0.24526080797731398,
                0.24577597227388864
            ],
            [
                0.5054341612816124,
                0.2469472519807427,
                0.2476185867376448
            ],
            [
                0.5058074778180537,
                0.24676849088833408,
                0.24742403129361232
            ],
            [
                0.5014587833352626,
                0.24887196244943685,
                0.2496692542153005
            ],
            [
                0.5014711606854703,
                0.24886593289011086,
                0.24966290642441882
            ],
            [
                0.5014289517623304,
                0.2488864631442251,
                0.2496845850934445
            ],
            [
                0.501415097250714,
                0.24889320238848134,
                0.24969170036080465
            ],
            [
                0.5014209779054165,
                0.24889033916495015,
                0.2496886829296334
            ],
            [
                0.5016931819613584,
                0.24875707316246576,
                0.24954974487617584
            ],
            [
                0.5043249690354523,
                0.24746837123450488,
                0.24820665973004283
            ],
            [
                0.502632106509054,
                0.24829460700732348,
                0.2490732864836226
            ],
            [
                0.5000917519601021,
                0.24953644354503926,
                0.25037180449485863
            ],
            [
                0.5013706309340054,
                0.24891312011561204,
                0.2497162489503826
            ],
            [
                0.49883515293800307,
                0.2501470285301773,
                0.2510178185318197
            ],
            [
                0.4988599597020611,
                0.25013491565669177,
                0.2510051246412471
            ],
            [
                0.4976506107642189,
                0.25072724900988724,
                0.25162214022589396
            ],
            [
                0.49647837249821186,
                0.25130392221576536,
                0.25221770528602266
            ],
            [
                0.4927935415160787,
                0.25312280370672263,
                0.2540836547771988
            ],
            [
                0.4930120447181052,
                0.2530148905084053,
                0.2539730647734895
            ],
            [
                0.4930951300505509,
                0.2529738201527912,
                0.25393104979665804
            ],
            [
                0.4927866937534216,
                0.25312354866918774,
                0.2540897575773907
            ],
            [
                0.49440546966515686,
                0.2523264108359148,
                0.2532681194989284
            ],
            [
                0.4944428512299311,
                0.25230799048316604,
                0.2532491582869029
            ],
            [
                0.49448753564819753,
                0.2522859754120427,
                0.25322648893975974
            ],
            [
                0.4959136117955839,
                0.2515832089976253,
                0.2525031792067908
            ],
            [
                0.4957163881136477,
                0.2516804021326937,
                0.25260320975365846
            ],
            [
                0.4957486046101349,
                0.2516645203844839,
                0.2525868750053811
            ],
            [
                0.4956686882492437,
                0.2517022085715279,
                0.25262910317922826
            ],
            [
                0.49583953566789235,
                0.2516183102859837,
                0.252542154046124
            ],
            [
                0.4957589350265299,
                0.2516578934688091,
                0.252583171504661
            ],
            [
                0.4959302757266646,
                0.2515736917254284,
                0.25249603254790715
            ],
            [
                0.49699909112228163,
                0.2510485381038109,
                0.2519523707739075
            ]
        ],
        "lambda_lbs": [
            0.22700497749441678,
            0.5630443657782452,
            1.2126331951777085,
            1.519689243166434,
            2.156015572975437,
            2.334874140740244,
            2.147475397869734,
            1.9924781639921703,
            2.5922345450399624,
            3.4890799815686404,
            4.079682868469365,
            4.523135001187549,
            5.242157569966336,
            4.784498346634164,
            5.4209024986057495,
            5.17275620093688,
            5.70012071290945,
            5.830487091779577,
            6.182220274089766,
            6.415413290982799,
            6.787047516653338,
            7.413123185024964,
            7.844555825710539,
            8.07370213650697,
            8.823934003859565,
            9.223153168867752,
            9.838456183395483,
            11.216186342241901,
            11.695372098597296,
            12.864738976563421,
            13.473286296353217,
            14.60572411978968,
            15.336541052455313,
            16.39093702685035,
            15.788524306259122,
            14.841989503759113,
            15.984779782951245,
            15.845589660134255,
            16.564278082576692,
            18.284187708865463,
            17.39731995799092,
            17.343105119525468,
            18.343054319017885,
            17.944660066149897,
            18.28144316883306,
            18.702548207107277,
            20.54094463825914,
            21.199860710966103,
            21.804051671568985,
            22.426330183514104,
            23.00559523588521,
            23.403698034738888,
            23.389427119639812,
            24.020535593347844,
            23.742665029237443,
            24.089493303059466,
            24.73041782488357,
            25.867494715395434,
            26.22068922141322,
            25.555170984932673,
            25.740262688076573,
            25.890683875559375,
            26.519278755143834,
            26.67998118549925,
            27.766062017361854,
            27.429905678627488,
            27.204496893273788,
            27.845426264339924,
            27.326215867711888,
            27.071519648182495,
            27.93372644463106,
            28.256422327524177,
            28.088180230732814,
            28.447982375727758,
            29.091892413983263,
            28.83469121033953,
            29.61986295429047,
            30.429253536931967,
            31.34996329977578,
            31.146177234398905,
            30.631792035631257,
            30.647514849847028,
            30.23790659845128,
            30.457967382152315,
            31.110578723317666,
            30.93723496083474,
            30.84440936530039,
            31.839275952699563,
            32.30315537066286,
            33.04566963765961,
            33.67300150867987,
            35.72522380829448,
            36.83825711145788,
            38.19407284541331,
            38.35896393674495
        ],
        "true_lambdas": [
            0.6204246328776892,
            1.5745316734035757,
            2.697649864761634,
            3.4843105960033878,
            5.025138615068894,
            5.240987673493766,
            6.071388770089543,
            6.291882126407177,
            8.544064310231615,
            10.767500179449378,
            12.75472402361856,
            13.405761549875177,
            15.531084064189109,
            14.90784463648264,
            16.154811005418537,
            15.175854170740614,
            16.48246566695933,
            16.48638529691911,
            17.209860875977153,
            18.64473245891746,
            19.84052999594965,
            21.0379341505461,
            21.517731146718532,
            22.83156035997944,
            24.18410659240103,
            25.599286237614727,
            26.40762567397043,
            29.4837798283724,
            31.063256675711003,
            33.27998719732855,
            34.24072083408895,
            36.50363936886551,
            37.50149996554883,
            39.49738577041068,
            38.44079914145932,
            36.90010067508628,
            39.18853073959736,
            39.19791308651405,
            40.22308843170279,
            44.3768329780699,
            43.46458155650727,
            43.218311352407795,
            45.003941821717646,
            45.06088887867922,
            45.28914285233704,
            45.59880515018348,
            49.401149053900745,
            50.46202358328296,
            51.68636419625008,
            53.02765991967138,
            53.88654763759496,
            55.66620493901935,
            55.62835898489663,
            57.45007828207098,
            57.23592054041542,
            58.42457541650316,
            59.88183253286391,
            62.53410387376637,
            63.36561284088283,
            62.59538299582918,
            62.429083661472326,
            62.27313173133569,
            64.17546111794037,
            64.94407222709108,
            66.91487716610976,
            65.41891978283957,
            64.21137795122435,
            65.25299868405043,
            63.41656282883126,
            62.40352539644856,
            64.3077320261911,
            65.38647700825297,
            65.46305151922914,
            66.54902644331202,
            68.00095742376136,
            67.81331422983921,
            69.04707308667608,
            70.39212493212544,
            71.98526525544236,
            71.83296526164011,
            70.2401138393637,
            69.72243538085044,
            69.57968673205153,
            70.1137502942464,
            71.0672011690308,
            70.29479123208799,
            69.97194460851145,
            71.80265776912762,
            72.4852820386813,
            74.84858982234215,
            75.89430298634701,
            79.96990706761513,
            82.0750651703615,
            85.08635898919295,
            85.41767679609261
        ],
        "naive_lambdas": [
            0.6203160046485474,
            1.5744796300430646,
            2.6975569590918242,
            3.48421988719051,
            5.025052536848062,
            5.240892804566128,
            6.071365336088519,
            6.291796914711159,
            8.54389077571905,
            10.767449839795272,
            12.754634723405491,
            13.405759775907782,
            15.53089177827588,
            14.90751698216173,
            16.154782068692157,
            15.175703279384564,
            16.482367516745573,
            16.48617417539856,
            17.209455421370414,
            18.64452858439887,
            19.840394413749678,
            21.03751199338459,
            21.517139184527203,
            22.831558076461835,
            24.18392396577005,
            25.59909776389729,
            26.40762458896382,
            29.48372106256891,
            31.063244428268845,
            33.27975815941541,
            34.24011915284048,
            36.5027355072029,
            37.501201834629015,
            39.4973012336545,
            38.44079520734128,
            36.899564207831446,
            39.18853060894643,
            39.19748702577986,
            40.22306199666899,
            44.37655684916449,
            43.46423894956559,
            43.21808107363917,
            45.00379767480716,
            45.06033255293477,
            45.28775347630351,
            45.598088799825206,
            49.399886989820914,
            50.462019858834864,
            51.68553935244667,
            53.02645843268182,
            53.88580560707351,
            55.66620481572735,
            55.62835290146994,
            57.45004910205855,
            57.235444899368574,
            58.42393345285423,
            59.881268435964884,
            62.534011134595886,
            63.36557999812948,
            62.59521226346678,
            62.4290406549397,
            62.273110326482524,
            64.17466017092704,
            64.9420179156491,
            66.91295154191873,
            65.41762039175553,
            64.2113667815899,
            65.25293096336173,
            63.416190678195804,
            62.4033948185415,
            64.30737604622459,
            65.38600180741963,
            65.46185505415549,
            66.54891909121095,
            68.00095728013855,
            67.81209305103354,
            69.0459902497661,
            70.39201962998115,
            71.98507653237476,
            71.83264262163448,
            70.23851703299484,
            69.72234309609176,
            69.57956442508359,
            70.11346504036868,
            71.06719482443583,
            70.29475555665876,
            69.97070086138815,
            71.8008092566625,
            72.48268772586296,
            74.8478827836905,
            75.89185206673599,
            79.9698340954093,
            82.07357541442764,
            85.08617866326631,
            85.41637819486935
        ],
        "lambdas": [
            0.6203159623616519,
            1.5744795737915394,
            2.6975569428681725,
            3.484219871491168,
            5.02505251482983,
            5.24089277751097,
            6.071365316194321,
            6.2917968787685865,
            8.543890736966635,
            10.767449811133389,
            12.75463470917806,
            13.405759756225569,
            15.530891763056427,
            14.90751693910947,
            16.154782044700408,
            15.17570324352759,
            16.482367486098816,
            16.48617412927693,
            17.2094553933484,
            18.644528553694762,
            19.840394373131293,
            21.037511955253713,
            21.51713913988836,
            22.83155803617679,
            24.183923948470742,
            25.5990977407201,
            26.40762456565144,
            29.48372104554914,
            31.06324439577972,
            33.279758123766335,
            34.240119102474225,
            36.502735459674675,
            37.50120180212801,
            39.49730117621873,
            38.44079518224983,
            36.899564183688376,
            39.18853059465401,
            39.197486998600255,
            40.22306196320932,
            44.3765568188125,
            43.46423892794118,
            43.21808101858747,
            45.00379765925386,
            45.06033252711586,
            45.28775342953256,
            45.598088786688166,
            49.39988696316213,
            50.462019817921274,
            51.68553933550811,
            53.026458417629115,
            53.885805595394174,
            55.66620476676918,
            55.628352879553276,
            57.450049065037675,
            57.23544488185651,
            58.42393339637501,
            59.88126841231228,
            62.53401111780626,
            63.36557997236616,
            62.595212245787486,
            62.42904062776829,
            62.273110320910476,
            64.17466012817992,
            64.942017895592,
            66.91295150545798,
            65.41762037225736,
            64.21136674365779,
            65.25293092850455,
            63.41619065641315,
            62.40339478701121,
            64.30737603499466,
            65.38600179198505,
            65.46185500894114,
            66.54891907364905,
            68.00095723975261,
            67.81209300952838,
            69.04599021962008,
            70.39201960349445,
            71.98507649592699,
            71.83264257160226,
            70.23851699715915,
            69.7223430499607,
            69.57956436986743,
            70.11346501683906,
            71.06719480692729,
            70.29475551116559,
            69.97070084612068,
            71.80080923868167,
            72.48268768342129,
            74.84788275443492,
            75.89185204095426,
            79.96983405481163,
            82.07357538085645,
            85.08617866281905,
            85.41637814192944
        ],
        "betas": [
            26.055677267408093,
            26.917698434749248,
            27.71733564986098,
            28.343019226954212,
            28.8244920318002,
            29.24111548758917,
            29.60649441869991,
            29.969201738847396,
            30.283779006951242,
            30.59109272900053,
            30.890524950689226,
            31.154882982384663,
            31.42705094373592,
            31.647440466648785,
            31.866528505296372,
            32.063605795013025,
            32.25092227282411,
            32.439386848116,
            32.59984958035456,
            32.7725021401047,
            32.91932320040324,
            33.07858490047615,
            33.23993013702603,
            33.39459665728094,
            33.54309212930082,
            33.65665421153456,
            33.80287840689655,
            33.92991014455054,
            34.05937472844066,
            34.178217763861696,
            34.29354721845428,
            34.40543086159592,
            34.514190187878846,
            34.61987522253368,
            34.72813944546587,
            34.828179834186244,
            34.92560808114901,
            35.02555755374169,
            35.118162231042945,
            35.20850895606236,
            35.30582384637653,
            35.38751929683618,
            35.47605538958362,
            35.54992388940896,
            35.626481958809485,
            35.70565226082881,
            35.787219407689705,
            35.86309806279771,
            35.937512408940975,
            36.01423956848171,
            36.08573580933914,
            36.155928562147324,
            36.2248074426072,
            36.2924872131916,
            36.365723057054936,
            36.42426996351914,
            36.485144687798176,
            36.54502032628632,
            36.60719926857611,
            36.66189864316492,
            36.71897197119275,
            36.77836252867513,
            36.83996992863716,
            36.900553908121545,
            36.96016098655386,
            37.02457286248646,
            37.079371909022726,
            37.13336600532918,
            37.18660844142242,
            37.23909016912224,
            37.293506512755535,
            37.33927348749884,
            37.38967528219361,
            37.44454537554949,
            37.49104104753624,
            37.54441255682977,
            37.59215387270015,
            37.64168174908189,
            37.69054852862187,
            37.743331727326165,
            37.78860900264392,
            37.833354043250594,
            37.87536412008411,
            37.91907713825509,
            37.962291066842006,
            38.00500013905065,
            38.04723249728539,
            38.086894801268244,
            38.12820580615107,
            38.16907255400484,
            38.2094869306801,
            38.24947583329707,
            38.28903127384176,
            38.32618973492162,
            38.32908683231111
        ],
        "beta2s": [
            32.32756114718319,
            33.189582314524344,
            33.98921952963608,
            34.61490310672931,
            35.0963759115753,
            35.512999367364266,
            35.878378298475006,
            36.24108561862249,
            36.55566288672634,
            36.862976608775625,
            37.162408830464315,
            37.42676686215976,
            37.69893482351102,
            37.91932434642388,
            38.13841238507146,
            38.33548967478812,
            38.5228061525992,
            38.7112707278911,
            38.87173346012965,
            39.044386019879795,
            39.191207080178344,
            39.35046878025125,
            39.511814016801125,
            39.666480537056046,
            39.81497600907592,
            39.92853809130965,
            40.07476228667166,
            40.201794024325636,
            40.33125860821576,
            40.4501016436368,
            40.56543109822938,
            40.67731474137101,
            40.78607406765394,
            40.891759102308775,
            41.00002332524097,
            41.10006371396134,
            41.19749196092411,
            41.297441433516795,
            41.39004611081804,
            41.480392835837456,
            41.57770772615163,
            41.65940317661128,
            41.74793926935872,
            41.821807769184055,
            41.89836583858458,
            41.97753614060391,
            42.0591032874648,
            42.13498194257281,
            42.20939628871608,
            42.28612344825681,
            42.35761968911424,
            42.42781244192242,
            42.496691322382304,
            42.564371092966695,
            42.63760693683003,
            42.696153843294226,
            42.75702856757327,
            42.81690420606142,
            42.87908314835121,
            42.933782522940014,
            42.99085585096785,
            43.050246408450235,
            43.11185380841226,
            43.17243778789664,
            43.232044866328955,
            43.296456742261554,
            43.35125578879782,
            43.40524988510427,
            43.458492321197525,
            43.51097404889734,
            43.56539039253063,
            43.61115736727394,
            43.661559161968704,
            43.716429255324584,
            43.76292492731134,
            43.816296436604866,
            43.864037752475255,
            43.913565628856986,
            43.962432408396964,
            44.01521560710127,
            44.06049288241902,
            44.1052379230257,
            44.147247999859204,
            44.19096101803018,
            44.2341749466171,
            44.276884018825754,
            44.31911637706049,
            44.35877868104334,
            44.400089685926176,
            44.44095643377994,
            44.481370810455196,
            44.52135971307216,
            44.56091515361686,
            44.598073614696716,
            44.60097071208621
        ]
    }
]