[
    {
        "T": 3046,
        "best_arm": 0,
        "A_hats": [
            [
                [
                    0.125,
                    0.5,
                    0.375
                ],
                [
                    0.7142857142857143,
                    0.14285714285714285,
                    0.14285714285714285
                ],
                [
                    0.3333333333333333,
                    0.5,
                    0.16666666666666666
                ],
                [
                    0.1111111111111111,
                    0.5555555555555556,
                    0.3333333333333333
                ],
                [
                    0.1,
                    0.8,
                    0.1
                ]
            ],
            [
                [
                    0.15384615384615385,
                    0.5384615384615384,
                    0.3076923076923077
                ],
                [
                    0.625,
                    0.125,
                    0.25
                ],
                [
                    0.3333333333333333,
                    0.5,
                    0.16666666666666666
                ],
                [
                    0.3076923076923077,
                    0.38461538461538464,
                    0.3076923076923077
                ],
                [
                    0.1,
                    0.8,
                    0.1
                ]
            ],
            [
                [
                    0.3333333333333333,
                    0.3888888888888889,
                    0.2777777777777778
                ],
                [
                    0.625,
                    0.125,
                    0.25
                ],
                [
                    0.3333333333333333,
                    0.5,
                    0.16666666666666666
                ],
                [
                    0.2777777777777778,
                    0.3333333333333333,
                    0.3888888888888889
                ],
                [
                    0.1,
                    0.8,
                    0.1
                ]
            ],
            [
                [
                    0.3333333333333333,
                    0.42857142857142855,
                    0.23809523809523808
                ],
                [
                    0.5,
                    0.16666666666666666,
                    0.3333333333333333
                ],
                [
                    0.3333333333333333,
                    0.5,
                    0.16666666666666666
                ],
                [
                    0.23809523809523808,
                    0.38095238095238093,
                    0.38095238095238093
                ],
                [
                    0.1,
                    0.8,
                    0.1
                ]
            ],
            [
                [
                    0.3333333333333333,
                    0.42857142857142855,
                    0.23809523809523808
                ],
                [
                    0.42857142857142855,
                    0.2857142857142857,
                    0.2857142857142857
                ],
                [
                    0.3333333333333333,
                    0.5,
                    0.16666666666666666
                ],
                [
                    0.22727272727272727,
                    0.4090909090909091,
                    0.36363636363636365
                ],
                [
                    0.1,
                    0.8,
                    0.1
                ]
            ],
            [
                [
                    0.36363636363636365,
                    0.4090909090909091,
                    0.22727272727272727
                ],
                [
                    0.46153846153846156,
                    0.2692307692307692,
                    0.2692307692307692
                ],
                [
                    0.3333333333333333,
                    0.5,
                    0.16666666666666666
                ],
                [
                    0.2692307692307692,
                    0.4230769230769231,
                    0.3076923076923077
                ],
                [
                    0.1,
                    0.8,
                    0.1
                ]
            ],
            [
                [
                    0.36363636363636365,
                    0.4090909090909091,
                    0.22727272727272727
                ],
                [
                    0.45161290322580644,
                    0.25806451612903225,
                    0.2903225806451613
                ],
                [
                    0.3333333333333333,
                    0.5,
                    0.16666666666666666
                ],
                [
                    0.25806451612903225,
                    0.45161290322580644,
                    0.2903225806451613
                ],
                [
                    0.1,
                    0.8,
                    0.1
                ]
            ],
            [
                [
                    0.36363636363636365,
                    0.4090909090909091,
                    0.22727272727272727
                ],
                [
                    0.4722222222222222,
                    0.25,
                    0.2777777777777778
                ],
                [
                    0.3333333333333333,
                    0.5,
                    0.16666666666666666
                ],
                [
                    0.2222222222222222,
                    0.4722222222222222,
                    0.3055555555555556
                ],
                [
                    0.1,
                    0.8,
                    0.1
                ]
            ],
            [
                [
                    0.36363636363636365,
                    0.4090909090909091,
                    0.22727272727272727
                ],
                [
                    0.5121951219512195,
                    0.24390243902439024,
                    0.24390243902439024
                ],
                [
                    0.3333333333333333,
                    0.5,
                    0.16666666666666666
                ],
                [
                    0.1951219512195122,
                    0.4878048780487805,
                    0.3170731707317073
                ],
                [
                    0.1,
                    0.8,
                    0.1
                ]
            ],
            [
                [
                    0.2903225806451613,
                    0.2903225806451613,
                    0.41935483870967744
                ],
                [
                    0.5121951219512195,
                    0.24390243902439024,
                    0.24390243902439024
                ],
                [
                    0.2857142857142857,
                    0.5714285714285714,
                    0.14285714285714285
                ],
                [
                    0.1951219512195122,
                    0.4878048780487805,
                    0.3170731707317073
                ],
                [
                    0.1,
                    0.8,
                    0.1
                ]
            ],
            [
                [
                    0.2682926829268293,
                    0.24390243902439024,
                    0.4878048780487805
                ],
                [
                    0.5121951219512195,
                    0.24390243902439024,
                    0.24390243902439024
                ],
                [
                    0.2857142857142857,
                    0.5714285714285714,
                    0.14285714285714285
                ],
                [
                    0.1951219512195122,
                    0.4878048780487805,
                    0.3170731707317073
                ],
                [
                    0.1,
                    0.8,
                    0.1
                ]
            ],
            [
                [
                    0.2608695652173913,
                    0.2391304347826087,
                    0.5
                ],
                [
                    0.5121951219512195,
                    0.24390243902439024,
                    0.24390243902439024
                ],
                [
                    0.25,
                    0.625,
                    0.125
                ],
                [
                    0.2,
                    0.5111111111111111,
                    0.28888888888888886
                ],
                [
                    0.1,
                    0.8,
                    0.1
                ]
            ],
            [
                [
                    0.2549019607843137,
                    0.2549019607843137,
                    0.49019607843137253
                ],
                [
                    0.5121951219512195,
                    0.24390243902439024,
                    0.24390243902439024
                ],
                [
                    0.25,
                    0.625,
                    0.125
                ],
                [
                    0.2,
                    0.5,
                    0.3
                ],
                [
                    0.1,
                    0.8,
                    0.1
                ]
            ],
            [
                [
                    0.25,
                    0.23214285714285715,
                    0.5178571428571429
                ],
                [
                    0.5121951219512195,
                    0.24390243902439024,
                    0.24390243902439024
                ],
                [
                    0.25,
                    0.625,
                    0.125
                ],
                [
                    0.18181818181818182,
                    0.509090909090909,
                    0.3090909090909091
                ],
                [
                    0.1,
                    0.8,
                    0.1
                ]
            ],
            [
                [
                    0.26229508196721313,
                    0.21311475409836064,
                    0.5245901639344263
                ],
                [
                    0.5121951219512195,
                    0.24390243902439024,
                    0.24390243902439024
                ],
                [
                    0.25,
                    0.625,
                    0.125
                ],
                [
                    0.16666666666666666,
                    0.5166666666666667,
                    0.31666666666666665
                ],
                [
                    0.1,
                    0.8,
                    0.1
                ]
            ],
            [
                [
                    0.24242424242424243,
                    0.21212121212121213,
                    0.5454545454545454
                ],
                [
                    0.5121951219512195,
                    0.24390243902439024,
                    0.24390243902439024
                ],
                [
                    0.25,
                    0.625,
                    0.125
                ],
                [
                    0.18461538461538463,
                    0.49230769230769234,
                    0.3230769230769231
                ],
                [
                    0.1,
                    0.8,
                    0.1
                ]
            ],
            [
                [
                    0.24285714285714285,
                    0.21428571428571427,
                    0.5428571428571428
                ],
                [
                    0.5121951219512195,
                    0.24390243902439024,
                    0.24390243902439024
                ],
                [
                    0.2222222222222222,
                    0.6666666666666666,
                    0.1111111111111111
                ],
                [
                    0.17142857142857143,
                    0.5142857142857142,
                    0.3142857142857143
                ],
                [
                    0.1,
                    0.8,
                    0.1
                ]
            ],
            [
                [
                    0.24,
                    0.2,
                    0.56
                ],
                [
                    0.5121951219512195,
                    0.24390243902439024,
                    0.24390243902439024
                ],
                [
                    0.2222222222222222,
                    0.6666666666666666,
                    0.1111111111111111
                ],
                [
                    0.16,
                    0.5333333333333333,
                    0.30666666666666664
                ],
                [
                    0.1,
                    0.8,
                    0.1
                ]
            ],
            [
                [
                    0.23376623376623376,
                    0.19480519480519481,
                    0.5714285714285714
                ],
                [
                    0.5121951219512195,
                    0.24390243902439024,
                    0.24390243902439024
                ],
                [
                    0.13333333333333333,
                    0.7333333333333333,
                    0.13333333333333333
                ],
                [
                    0.17105263157894737,
                    0.5263157894736842,
                    0.3026315789473684
                ],
                [
                    0.09090909090909091,
                    0.8181818181818182,
                    0.09090909090909091
                ]
            ],
            [
                [
                    0.22784810126582278,
                    0.189873417721519,
                    0.5822784810126582
                ],
                [
                    0.5121951219512195,
                    0.24390243902439024,
                    0.24390243902439024
                ],
                [
                    0.17647058823529413,
                    0.7058823529411765,
                    0.11764705882352941
                ],
                [
                    0.17721518987341772,
                    0.5316455696202531,
                    0.2911392405063291
                ],
                [
                    0.21428571428571427,
                    0.6428571428571429,
                    0.14285714285714285
                ]
            ],
            [
                [
                    0.22784810126582278,
                    0.189873417721519,
                    0.5822784810126582
                ],
                [
                    0.5121951219512195,
                    0.24390243902439024,
                    0.24390243902439024
                ],
                [
                    0.17647058823529413,
                    0.7058823529411765,
                    0.11764705882352941
                ],
                [
                    0.17721518987341772,
                    0.5316455696202531,
                    0.2911392405063291
                ],
                [
                    0.20833333333333334,
                    0.5,
                    0.2916666666666667
                ]
            ],
            [
                [
                    0.22784810126582278,
                    0.189873417721519,
                    0.5822784810126582
                ],
                [
                    0.5121951219512195,
                    0.24390243902439024,
                    0.24390243902439024
                ],
                [
                    0.17647058823529413,
                    0.7058823529411765,
                    0.11764705882352941
                ],
                [
                    0.17721518987341772,
                    0.5316455696202531,
                    0.2911392405063291
                ],
                [
                    0.29411764705882354,
                    0.38235294117647056,
                    0.3235294117647059
                ]
            ],
            [
                [
                    0.22784810126582278,
                    0.189873417721519,
                    0.5822784810126582
                ],
                [
                    0.5238095238095238,
                    0.23809523809523808,
                    0.23809523809523808
                ],
                [
                    0.17647058823529413,
                    0.7058823529411765,
                    0.11764705882352941
                ],
                [
                    0.17721518987341772,
                    0.5316455696202531,
                    0.2911392405063291
                ],
                [
                    0.23255813953488372,
                    0.3953488372093023,
                    0.37209302325581395
                ]
            ],
            [
                [
                    0.22784810126582278,
                    0.189873417721519,
                    0.5822784810126582
                ],
                [
                    0.5238095238095238,
                    0.23809523809523808,
                    0.23809523809523808
                ],
                [
                    0.17647058823529413,
                    0.7058823529411765,
                    0.11764705882352941
                ],
                [
                    0.17721518987341772,
                    0.5316455696202531,
                    0.2911392405063291
                ],
                [
                    0.20754716981132076,
                    0.41509433962264153,
                    0.37735849056603776
                ]
            ],
            [
                [
                    0.22784810126582278,
                    0.189873417721519,
                    0.5822784810126582
                ],
                [
                    0.5238095238095238,
                    0.23809523809523808,
                    0.23809523809523808
                ],
                [
                    0.17647058823529413,
                    0.7058823529411765,
                    0.11764705882352941
                ],
                [
                    0.17721518987341772,
                    0.5316455696202531,
                    0.2911392405063291
                ],
                [
                    0.25396825396825395,
                    0.3968253968253968,
                    0.3492063492063492
                ]
            ],
            [
                [
                    0.225,
                    0.2,
                    0.575
                ],
                [
                    0.5238095238095238,
                    0.23809523809523808,
                    0.23809523809523808
                ],
                [
                    0.17647058823529413,
                    0.7058823529411765,
                    0.11764705882352941
                ],
                [
                    0.17721518987341772,
                    0.5316455696202531,
                    0.2911392405063291
                ],
                [
                    0.2638888888888889,
                    0.375,
                    0.3611111111111111
                ]
            ],
            [
                [
                    0.2222222222222222,
                    0.19753086419753085,
                    0.5802469135802469
                ],
                [
                    0.5238095238095238,
                    0.23809523809523808,
                    0.23809523809523808
                ],
                [
                    0.17647058823529413,
                    0.7058823529411765,
                    0.11764705882352941
                ],
                [
                    0.17721518987341772,
                    0.5316455696202531,
                    0.2911392405063291
                ],
                [
                    0.2716049382716049,
                    0.3950617283950617,
                    0.3333333333333333
                ]
            ],
            [
                [
                    0.23255813953488372,
                    0.19767441860465115,
                    0.5697674418604651
                ],
                [
                    0.5238095238095238,
                    0.23809523809523808,
                    0.23809523809523808
                ],
                [
                    0.17647058823529413,
                    0.7058823529411765,
                    0.11764705882352941
                ],
                [
                    0.17721518987341772,
                    0.5316455696202531,
                    0.2911392405063291
                ],
                [
                    0.26744186046511625,
                    0.38372093023255816,
                    0.3488372093023256
                ]
            ],
            [
                [
                    0.23076923076923078,
                    0.1978021978021978,
                    0.5714285714285714
                ],
                [
                    0.5238095238095238,
                    0.23809523809523808,
                    0.23809523809523808
                ],
                [
                    0.17647058823529413,
                    0.7058823529411765,
                    0.11764705882352941
                ],
                [
                    0.17721518987341772,
                    0.5316455696202531,
                    0.2911392405063291
                ],
                [
                    0.25274725274725274,
                    0.38461538461538464,
                    0.3626373626373626
                ]
            ],
            [
                [
                    0.22916666666666666,
                    0.19791666666666666,
                    0.5729166666666666
                ],
                [
                    0.5238095238095238,
                    0.23809523809523808,
                    0.23809523809523808
                ],
                [
                    0.17647058823529413,
                    0.7058823529411765,
                    0.11764705882352941
                ],
                [
                    0.17721518987341772,
                    0.5316455696202531,
                    0.2911392405063291
                ],
                [
                    0.25,
                    0.40625,
                    0.34375
                ]
            ],
            [
                [
                    0.22772277227722773,
                    0.2079207920792079,
                    0.5643564356435643
                ],
                [
                    0.5238095238095238,
                    0.23809523809523808,
                    0.23809523809523808
                ],
                [
                    0.17647058823529413,
                    0.7058823529411765,
                    0.11764705882352941
                ],
                [
                    0.17721518987341772,
                    0.5316455696202531,
                    0.2911392405063291
                ],
                [
                    0.26732673267326734,
                    0.40594059405940597,
                    0.32673267326732675
                ]
            ],
            [
                [
                    0.22641509433962265,
                    0.2169811320754717,
                    0.5566037735849056
                ],
                [
                    0.5238095238095238,
                    0.23809523809523808,
                    0.23809523809523808
                ],
                [
                    0.17647058823529413,
                    0.7058823529411765,
                    0.11764705882352941
                ],
                [
                    0.17721518987341772,
                    0.5316455696202531,
                    0.2911392405063291
                ],
                [
                    0.27358490566037735,
                    0.3867924528301887,
                    0.33962264150943394
                ]
            ],
            [
                [
                    0.21621621621621623,
                    0.2072072072072072,
                    0.5765765765765766
                ],
                [
                    0.5238095238095238,
                    0.23809523809523808,
                    0.23809523809523808
                ],
                [
                    0.17647058823529413,
                    0.7058823529411765,
                    0.11764705882352941
                ],
                [
                    0.17721518987341772,
                    0.5316455696202531,
                    0.2911392405063291
                ],
                [
                    0.27927927927927926,
                    0.38738738738738737,
                    0.3333333333333333
                ]
            ],
            [
                [
                    0.20689655172413793,
                    0.20689655172413793,
                    0.5862068965517241
                ],
                [
                    0.5238095238095238,
                    0.23809523809523808,
                    0.23809523809523808
                ],
                [
                    0.17647058823529413,
                    0.7058823529411765,
                    0.11764705882352941
                ],
                [
                    0.175,
                    0.525,
                    0.3
                ],
                [
                    0.2782608695652174,
                    0.3826086956521739,
                    0.3391304347826087
                ]
            ],
            [
                [
                    0.20833333333333334,
                    0.2,
                    0.5916666666666667
                ],
                [
                    0.5238095238095238,
                    0.23809523809523808,
                    0.23809523809523808
                ],
                [
                    0.16666666666666666,
                    0.7222222222222222,
                    0.1111111111111111
                ],
                [
                    0.175,
                    0.525,
                    0.3
                ],
                [
                    0.2916666666666667,
                    0.375,
                    0.3333333333333333
                ]
            ],
            [
                [
                    0.20967741935483872,
                    0.20967741935483872,
                    0.5806451612903226
                ],
                [
                    0.5238095238095238,
                    0.23809523809523808,
                    0.23809523809523808
                ],
                [
                    0.15789473684210525,
                    0.7368421052631579,
                    0.10526315789473684
                ],
                [
                    0.1728395061728395,
                    0.5308641975308642,
                    0.2962962962962963
                ],
                [
                    0.2903225806451613,
                    0.3709677419354839,
                    0.3387096774193548
                ]
            ],
            [
                [
                    0.20930232558139536,
                    0.21705426356589147,
                    0.5736434108527132
                ],
                [
                    0.5238095238095238,
                    0.23809523809523808,
                    0.23809523809523808
                ],
                [
                    0.15789473684210525,
                    0.7368421052631579,
                    0.10526315789473684
                ],
                [
                    0.17073170731707318,
                    0.5365853658536586,
                    0.2926829268292683
                ],
                [
                    0.296875,
                    0.3671875,
                    0.3359375
                ]
            ],
            [
                [
                    0.20454545454545456,
                    0.21212121212121213,
                    0.5833333333333334
                ],
                [
                    0.5227272727272727,
                    0.25,
                    0.22727272727272727
                ],
                [
                    0.15,
                    0.75,
                    0.1
                ],
                [
                    0.1686746987951807,
                    0.5421686746987951,
                    0.2891566265060241
                ],
                [
                    0.29770992366412213,
                    0.37404580152671757,
                    0.3282442748091603
                ]
            ],
            [
                [
                    0.2074074074074074,
                    0.2074074074074074,
                    0.5851851851851851
                ],
                [
                    0.5111111111111111,
                    0.26666666666666666,
                    0.2222222222222222
                ],
                [
                    0.14285714285714285,
                    0.7619047619047619,
                    0.09523809523809523
                ],
                [
                    0.17647058823529413,
                    0.5411764705882353,
                    0.2823529411764706
                ],
                [
                    0.291044776119403,
                    0.3805970149253731,
                    0.3283582089552239
                ]
            ],
            [
                [
                    0.2158273381294964,
                    0.2158273381294964,
                    0.5683453237410072
                ],
                [
                    0.5111111111111111,
                    0.26666666666666666,
                    0.2222222222222222
                ],
                [
                    0.14285714285714285,
                    0.7619047619047619,
                    0.09523809523809523
                ],
                [
                    0.18604651162790697,
                    0.5348837209302325,
                    0.27906976744186046
                ],
                [
                    0.302158273381295,
                    0.381294964028777,
                    0.31654676258992803
                ]
            ],
            [
                [
                    0.2158273381294964,
                    0.2158273381294964,
                    0.5683453237410072
                ],
                [
                    0.5111111111111111,
                    0.26666666666666666,
                    0.2222222222222222
                ],
                [
                    0.14285714285714285,
                    0.7619047619047619,
                    0.09523809523809523
                ],
                [
                    0.17708333333333334,
                    0.5208333333333334,
                    0.3020833333333333
                ],
                [
                    0.302158273381295,
                    0.381294964028777,
                    0.31654676258992803
                ]
            ],
            [
                [
                    0.21428571428571427,
                    0.22142857142857142,
                    0.5642857142857143
                ],
                [
                    0.5,
                    0.2826086956521739,
                    0.21739130434782608
                ],
                [
                    0.14285714285714285,
                    0.7619047619047619,
                    0.09523809523809523
                ],
                [
                    0.16346153846153846,
                    0.5480769230769231,
                    0.28846153846153844
                ],
                [
                    0.302158273381295,
                    0.381294964028777,
                    0.31654676258992803
                ]
            ],
            [
                [
                    0.2127659574468085,
                    0.2198581560283688,
                    0.5673758865248227
                ],
                [
                    0.45098039215686275,
                    0.29411764705882354,
                    0.2549019607843137
                ],
                [
                    0.18181818181818182,
                    0.7272727272727273,
                    0.09090909090909091
                ],
                [
                    0.1619047619047619,
                    0.5523809523809524,
                    0.2857142857142857
                ],
                [
                    0.3120567375886525,
                    0.375886524822695,
                    0.3120567375886525
                ]
            ],
            [
                [
                    0.2127659574468085,
                    0.2198581560283688,
                    0.5673758865248227
                ],
                [
                    0.4426229508196721,
                    0.29508196721311475,
                    0.26229508196721313
                ],
                [
                    0.18181818181818182,
                    0.7272727272727273,
                    0.09090909090909091
                ],
                [
                    0.1619047619047619,
                    0.5523809523809524,
                    0.2857142857142857
                ],
                [
                    0.3120567375886525,
                    0.375886524822695,
                    0.3120567375886525
                ]
            ],
            [
                [
                    0.2112676056338028,
                    0.21830985915492956,
                    0.5704225352112676
                ],
                [
                    0.45588235294117646,
                    0.27941176470588236,
                    0.2647058823529412
                ],
                [
                    0.18181818181818182,
                    0.7272727272727273,
                    0.09090909090909091
                ],
                [
                    0.16037735849056603,
                    0.5566037735849056,
                    0.2830188679245283
                ],
                [
                    0.30985915492957744,
                    0.38028169014084506,
                    0.30985915492957744
                ]
            ],
            [
                [
                    0.2097902097902098,
                    0.21678321678321677,
                    0.5734265734265734
                ],
                [
                    0.4507042253521127,
                    0.29577464788732394,
                    0.2535211267605634
                ],
                [
                    0.18181818181818182,
                    0.7272727272727273,
                    0.09090909090909091
                ],
                [
                    0.16216216216216217,
                    0.5495495495495496,
                    0.2882882882882883
                ],
                [
                    0.3076923076923077,
                    0.38461538461538464,
                    0.3076923076923077
                ]
            ],
            [
                [
                    0.2054794520547945,
                    0.2191780821917808,
                    0.5753424657534246
                ],
                [
                    0.4583333333333333,
                    0.2916666666666667,
                    0.25
                ],
                [
                    0.21739130434782608,
                    0.6956521739130435,
                    0.08695652173913043
                ],
                [
                    0.168141592920354,
                    0.5486725663716814,
                    0.2831858407079646
                ],
                [
                    0.3013698630136986,
                    0.3904109589041096,
                    0.3082191780821918
                ]
            ],
            [
                [
                    0.21333333333333335,
                    0.21333333333333335,
                    0.5733333333333334
                ],
                [
                    0.4657534246575342,
                    0.2876712328767123,
                    0.2465753424657534
                ],
                [
                    0.20833333333333334,
                    0.7083333333333334,
                    0.08333333333333333
                ],
                [
                    0.17543859649122806,
                    0.543859649122807,
                    0.2807017543859649
                ],
                [
                    0.3087248322147651,
                    0.3825503355704698,
                    0.3087248322147651
                ]
            ],
            [
                [
                    0.2129032258064516,
                    0.21935483870967742,
                    0.567741935483871
                ],
                [
                    0.4657534246575342,
                    0.2876712328767123,
                    0.2465753424657534
                ],
                [
                    0.20833333333333334,
                    0.7083333333333334,
                    0.08333333333333333
                ],
                [
                    0.17543859649122806,
                    0.543859649122807,
                    0.2807017543859649
                ],
                [
                    0.2987012987012987,
                    0.38961038961038963,
                    0.3116883116883117
                ]
            ],
            [
                [
                    0.2125,
                    0.21875,
                    0.56875
                ],
                [
                    0.4657534246575342,
                    0.2876712328767123,
                    0.2465753424657534
                ],
                [
                    0.20833333333333334,
                    0.7083333333333334,
                    0.08333333333333333
                ],
                [
                    0.17543859649122806,
                    0.543859649122807,
                    0.2807017543859649
                ],
                [
                    0.3081761006289308,
                    0.37735849056603776,
                    0.31446540880503143
                ]
            ],
            [
                [
                    0.20987654320987653,
                    0.21604938271604937,
                    0.5740740740740741
                ],
                [
                    0.4594594594594595,
                    0.2972972972972973,
                    0.24324324324324326
                ],
                [
                    0.18518518518518517,
                    0.6666666666666666,
                    0.14814814814814814
                ],
                [
                    0.1826086956521739,
                    0.5391304347826087,
                    0.2782608695652174
                ],
                [
                    0.3148148148148148,
                    0.3765432098765432,
                    0.30864197530864196
                ]
            ],
            [
                [
                    0.20987654320987653,
                    0.21604938271604937,
                    0.5740740740740741
                ],
                [
                    0.4594594594594595,
