[
    {
        "T": 1649,
        "best_arm": 0,
        "w_s": [
            [
                0.16373605188282198,
                0.1673519195356756,
                0.16681611778755173,
                0.16802481557315038,
                0.16901142366562782,
                0.1650596715551723
            ],
            [
                0.1723871755323172,
                0.1602849720657392,
                0.1579284607020629,
                0.16615539559150938,
                0.1816230015559429,
                0.16162099455243095
            ],
            [
                0.1462552746415856,
                0.17564928001223243,
                0.17878862357239642,
                0.1701626933536728,
                0.15091404250566431,
                0.17823008591445458
            ],
            [
                0.1712837173555399,
                0.16064931319855333,
                0.15863088854168778,
                0.16605010972284157,
                0.18078717669375294,
                0.16259879448762596
            ],
            [
                0.15600745429458934,
                0.1746315586233312,
                0.175922606589042,
                0.1697647661195042,
                0.15665243063048676,
                0.16702118374303987
            ],
            [
                0.1612548975358756,
                0.1674687768603214,
                0.16772548466553514,
                0.16739979683897097,
                0.16822110708436488,
                0.16792993701493156
            ],
            [
                0.16205790005889864,
                0.16782764241004736,
                0.16785306853543389,
                0.1677513713468025,
                0.16779011454770695,
                0.16671990310111073
            ],
            [
                0.15786050236114674,
                0.1694966157143224,
                0.17057129214539885,
                0.1676651667259815,
                0.1643113845845284,
                0.17009503846837137
            ],
            [
                0.1614620243364378,
                0.1686864978551907,
                0.16887939314836917,
                0.16803725964644078,
                0.16654139613681634,
                0.16639342886572867
            ],
            [
                0.16440492913405802,
                0.1670138024987084,
                0.166354654693973,
                0.16798411158800536,
                0.1698843014091055,
                0.16435820067614937
            ],
            [
                0.16150009470376858,
                0.16866677493331758,
                0.16885179845815454,
                0.16803694954241158,
                0.16657828357310714,
                0.1663660987815629
            ],
            [
                0.16430993757821585,
                0.16684888428393022,
                0.16614991964466908,
                0.16794374627991496,
                0.17009650750361005,
                0.16465100470965974
            ],
            [
                0.16411431979551297,
                0.1669522370354462,
                0.16631883480163154,
                0.1679291162249554,
                0.16981440993516161,
                0.16487108220729213
            ],
            [
                0.1646460804852251,
                0.16683058461884132,
                0.16609995634163816,
                0.1679475215705561,
                0.17013918692742774,
                0.16433667005943142
            ],
            [
                0.16452141959833103,
                0.16681002801993516,
                0.16608586790825502,
                0.16793839568314267,
                0.17011330454377774,
                0.164530984253324
            ],
            [
                0.16462714720630792,
                0.16686968248904466,
                0.16615620054138716,
                0.1679513115085674,
                0.1700782968469679,
                0.16431736141833053
            ],
            [
                0.1642493592022638,
                0.16686670936814962,
                0.16618466542225838,
                0.16793688396517933,
                0.17004167774266496,
                0.16472070429948382
            ],
            [
                0.16410353471978906,
                0.16696752344369528,
                0.16634008169736808,
                0.1679295753162028,
                0.1697743330283987,
                0.16488495179454596
            ],
            [
                0.16414330777093794,
                0.1670241714129326,
                0.16641955088749916,
                0.16791843687254052,
                0.16955662054734438,
                0.16493791250874534
            ],
            [
                0.16416787604311203,
                0.16702149224969887,
                0.16641893944743788,
                0.16791124765318532,
                0.16953596641057905,
                0.1649444781959867
            ],
            [
                0.1640926826781977,
                0.1669995286175412,
                0.16638266464414894,
                0.16793093948149435,
                0.1696862056719872,
                0.16490797890663056
            ],
            [
                0.16410552373865345,
                0.16696435716403055,
                0.16633569614522112,
                0.16792946385784574,
                0.169782742202982,
                0.16488221689126709
            ],
            [
                0.16412988875883777,
                0.16693538072055894,
                0.1662947999096244,
                0.16792897588245778,
                0.1698579860892855,
                0.16485296863923543
            ],
            [
                0.16421973658969685,
                0.16687833278854305,
                0.16620532341019825,
                0.16793402206694752,
                0.1700086213787016,
                0.16475396376591264
            ],
            [
                0.1641500562779757,
                0.1669181842755122,
                0.16626934363190293,
                0.16792941804413344,
                0.1699024055848744,
                0.16483059218560112
            ],
            [
                0.16433106713023135,
                0.1668441027093787,
                0.1661396424649134,
                0.16794637456376504,
                0.17011263762004658,
                0.16462617551166472
            ],
            [
                0.16446952180336094,
                0.1668187868848589,
                0.16610812150401255,
                0.16792042515388458,
                0.1700932714062475,
                0.16458987325502933
            ],
            [
                0.16464092669778427,
                0.1668188453506786,
                0.1660837053572236,
                0.16794358579327415,
                0.17015438859129567,
                0.16435854822134216
            ],
            [
                0.1644092811510703,
                0.16701111939022653,
                0.16635025956579924,
                0.16798443441213298,
                0.16989039061445693,
                0.1643545148663137
            ],
            [
                0.16412705369884273,
                0.16715417972859364,
                0.1665922034128855,
                0.16796090137883007,
                0.16955242063568604,
                0.16461324114516215
            ],
            [
                0.16221270128505624,
                0.16811404408624273,
                0.16810335697216494,
                0.16793741232228082,
                0.16755401053975022,
                0.16607847479450505
            ],
            [
                0.16354454776944966,
                0.16737449984062083,
                0.1669873649407304,
                0.1679070303472681,
                0.16900079216794398,
                0.16518576493398704
            ],
            [
                0.163203284581701,
                0.16748640181239452,
                0.16719662896663773,
                0.1678723146883646,
                0.16870781034925708,
                0.16553355960164498
            ],
            [
                0.16232619513157065,
                0.16774304091612724,
                0.16769643443558874,
                0.16777502611716233,
                0.1680051424983517,
                0.16645416090119913
            ],
            [
                0.1625226804357482,
                0.16768503171547489,
                0.16758530643317476,
                0.16779485788522416,
                0.1681590921407348,
                0.16625303138964292
            ],
            [
                0.1617171504041396,
                0.16854207492581397,
                0.1686681343267258,
                0.1680262328399363,
                0.16681470068830656,
                0.1662317067670058
            ],
            [
                0.1588383362252208,
                0.16935317280936243,
                0.1701821065462164,
                0.16780986135698783,
                0.16482120624031352,
                0.1689953168218383
            ],
            [
                0.1583657195892969,
                0.16943004712022358,
                0.17037465012562578,
                0.16774616490015512,
                0.16456447787394493,
                0.16951894039087012
            ],
            [
                0.15834204790355566,
                0.16943398757435263,
                0.17038464442696022,
                0.16774294002404683,
                0.1645513869338829,
                0.16954499313731206
            ],
            [
                0.15946498386613434,
                0.16924134969696003,
                0.1699139307959765,
                0.16788809741181665,
                0.16517569152523984,
                0.1683159467043706
            ],
            [
                0.15863026870099792,
                0.1693874628478206,
                0.17026711453257704,
                0.16778236563475296,
                0.16470747507262867,
                0.16922531321122125
            ],
            [
                0.15921537181451142,
                0.16928627434649832,
                0.1700238348581576,
                0.16785726693846473,
                0.16503291019180505,
                0.16858434185022184
            ],
            [
                0.1577225446212533,
                0.1694781914419762,
                0.17059207451218672,
                0.1676225729783483,
                0.16429377210473214,
                0.17029084434044017
            ],
            [
                0.15802734272306082,
                0.16948134477285684,
                0.17051206028312219,
                0.1676961329975193,
                0.1643855527791787,
                0.16989756644426227
            ],
            [
                0.15769771713843783,
                0.16932034473089777,
                0.17044653361744172,
                0.16753662235085512,
                0.16451247087592655,
                0.17048631128688355
            ],
            [
                0.15777568158292318,
                0.16924780079772964,
                0.1703542730082844,
                0.1675182041139003,
                0.1646404630065468,
                0.17046357748982294
            ],
            [
                0.1578252085952956,
                0.16921257775038456,
                0.1703082743678676,
                0.16751220163609237,
                0.16470502071331852,
                0.17043671693689202
            ],
            [
                0.1577644919006346,
                0.16925605726670964,
                0.1703659135521514,
                0.16751963631968708,
                0.16462506301264881,
                0.17046883794778214
            ],
            [
                0.1576915423254338,
                0.16932902432286304,
                0.17045686434673807,
                0.1675395930131645,
                0.16449799859220046,
                0.17048497739960006
            ],
            [
                0.15790573022851126,
                0.16916653030261372,
                0.17024191832968297,
                0.16750680740336257,
                0.16479585169553562,
                0.1703831620402938
            ],
            [
                0.15808263323166089,
                0.16908055846254674,
                0.17011159580982632,
                0.16750379032923718,
                0.16497325401771992,
                0.17024816814904978
            ],
            [
                0.15796080091387998,
                0.1691376635836116,
                0.17019926738239097,
                0.16750491690401142,
                0.16485409481919291,
                0.17034325639691308
            ],
            [
                0.15812299969313362,
                0.16906340429198738,
                0.17008436932547472,
                0.1675042567133855,
                0.16501027593483236,
                0.17021469404104023
            ],
            [
                0.1576829012592276,
                0.16934215970628816,
                0.1704731049066089,
                0.16754529893480655,
                0.16447512320487648,
                0.17048141198722222
            ],
            [
                0.15768083018887585,
                0.16943970064128694,
                0.17056694553350857,
                0.16759291640755614,
                0.1643356797097854,
                0.17038392751940012
            ],
            [
                0.157715304757854,
                0.16947275059640116,
                0.17058870116356328,
                0.16761807236829726,
                0.16429923354371462,
                0.17030593757166598
            ],
            [
                0.15785804913289153,
                0.1694965996399307,
                0.1705720207018202,
                0.16766451116476117,
                0.16431066111752887,
                0.17009815824288163
            ],
            [
                0.15998593264698852,
                0.1691308983419998,
                0.1696818716545892,
                0.16794518489350516,
                0.1654891697216554,
                0.16776694274008197
            ],
            [
                0.16101431647905282,
                0.16887658106901107,
                0.16918432597054642,
                0.1680327434416136,
                0.16614884324240486,
                0.16674318974806634
            ],
            [
                0.16034980792077527,
                0.16904679697040273,
                0.1695077529826538,
                0.16797914623600393,
                0.16572100581499574,
                0.16739549007762405
            ],
            [
                0.15954889656297985,
                0.16922226797693338,
                0.16987925598357645,
                0.16789685792591424,
                0.16522616703838988,
                0.16822655451147758
            ],
            [
                0.1613351398983041,
                0.16874509699847298,
                0.16897660346720383,
                0.16803740552375993,
                0.1664209693890222,
                0.16648478470471345
            ],
            [
                0.1609413765819959,
                0.16889710052341939,
                0.16921866191448687,
                0.168029562106486,
                0.16610062002096868,
                0.16681267885311565
            ],
            [
                0.16094411549373322,
                0.16889566874763398,
                0.1692182536730119,
                0.16802981254735352,
                0.16610231206156612,
                0.1668098374688236
            ],
            [
                0.16139165258733137,
                0.16871756747771413,
                0.16893444296207366,
                0.16803863654845747,
                0.16647383840614327,
                0.1664438620287549
            ],
            [
                0.16168250442234422,
                0.1685643260339168,
                0.16869890706834034,
                0.16802826521018768,
                0.16677461035196225,
                0.16625138689665347
            ],
            [
                0.1617252442376481,
                0.16853646124974514,
                0.16866119447852151,
                0.1680255502777761,
                0.16682429719942687,
                0.16622725255511414
            ],
            [
                0.1616049711930455,
                0.16861141456449452,
                0.1687674764831803,
                0.16803295788961167,
                0.16668671584087583,
                0.16629646402163653
            ],
            [
                0.16157190039040467,
                0.16862694370467354,
                0.16879492819571734,
                0.1680338711252601,
                0.16665349295136458,
                0.1663188635734758
            ],
            [
                0.1617976080562126,
                0.16845175094233944,
                0.1685515688850261,
                0.16801209173706388,
                0.16700568604770769,
                0.16618129433165035
            ],
            [
                0.16102759382883627,
                0.16887356374546927,
                0.16917769686952633,
                0.16803294791640497,
                0.16615775644456823,
                0.16673044119667077
            ],
            [
                0.16090590481987166,
                0.1689039130824744,
                0.1692329836894352,
                0.16802742960105807,
                0.1660814279277635,
                0.16684834086344139
            ],
            [
                0.15963720535185139,
                0.16920453138082417,
                0.16984016698816667,
                0.1679069779190129,
                0.16527834252276047,
                0.16813277583681432
            ],
            [
                0.15795047998618206,
                0.16948977840276241,
                0.17054077824921066,
                0.16768314148403843,
                0.16434910006033016,
                0.16998672181729627
            ],
            [
                0.1578191281753816,
                0.1694918613617756,
                0.17058739608409174,
                0.16765555380635344,
                0.16429890819950524,
                0.17014715235274136
            ],
            [
                0.1586696419171937,
                0.16938368319806196,
                0.17024616187453376,
                0.16779213292371206,
                0.16472612084005586,
                0.169182259246382
            ],
            [
                0.15781903125126512,
                0.1694986165791491,
                0.1705821367185743,
                0.16765479691592233,
                0.16429775460186533,
                0.17014766393308703
            ],
            [
                0.15802557005901055,
                0.16948155081013044,
                0.17051263974342123,
                0.167695861776709,
                0.16438473991581856,
                0.16989963769510324
            ],
            [
                0.15771939202965785,
                0.1694760558303376,
                0.1705904947264724,
                0.1676202410096982,
                0.16429633702605154,
                0.17029747937830075
            ],
            [
                0.15770587564966573,
                0.16945685564317509,
                0.170582073273186,
                0.16757925750168615,
                0.16433889592560177,
                0.17033704193162572
            ],
            [
                0.15887384168032928,
                0.1693472019313601,
                0.1701676539337897,
                0.16781447851459014,
                0.16484070157619046,
                0.16895612236374014
            ],
            [
                0.1601715861233759,
                0.16908883321248697,
                0.16959468145413664,
                0.16796431242519355,
                0.16560498703344287,
                0.16757559974908484
            ],
            [
                0.15845192101888247,
                0.1694162853972353,
                0.17033969492697343,
                0.1677581459580947,
                0.16461085173085643,
                0.16942310096800467
            ],
            [
                0.15808542263980963,
                0.1694738826628821,
                0.1704894586752453,
                0.16770543014217892,
                0.16441455857222284,
                0.1698312473078905
            ],
            [
                0.15893639958003927,
                0.16933601950074667,
                0.170141315467815,
                0.1678220366657925,
                0.16487633212064023,
                0.16888789666502887
            ],
            [
                0.15791260909060326,
                0.1694933235683243,
                0.17055424264247046,
                0.16767574837468288,
                0.16433240506702165,
                0.1700316712572164
            ],
            [
                0.1579726206522944,
                0.16948772001702905,
                0.1705327525004621,
                0.1676866931651911,
                0.1643593729515152,
                0.16996084071392242
            ],
            [
                0.1580428307503171,
                0.16947946049133628,
                0.17050601142600097,
                0.16769864857541325,
                0.16439322666440243,
                0.1698798220927922
            ],
            [
                0.15825813794725416,
                0.1694477888363249,
                0.17041936892124832,
                0.16773094324501392,
                0.16450583370211025,
                0.16963792734807756
            ],
            [
                0.15828879861842524,
                0.16944344535910358,
                0.17040480765708207,
                0.16773679156816335,
                0.16452181754586342,
                0.16960433925143203
            ],
            [
                0.158456234635739,
                0.16941553007978502,
                0.1703379553643772,
                0.16775880232878038,
                0.1646131629619528,
                0.16941831462946635
            ],
            [
                0.1588416993061644,
                0.1693518885216874,
                0.17018226295717198,
                0.16781064682480454,
                0.16482253568737662,
                0.16899096670293362
            ],
            [
                0.15969060948821576,
                0.16919364640758253,
                0.16981634206378535,
                0.16791295631141948,
                0.16531014897429422,
                0.16807629675470248
            ],
            [
                0.15961132651543478,
                0.16921206099030328,
                0.16985017774096947,
                0.16790082576702084,
                0.16526476337708051,
                0.16816084560970662
            ],
            [
                0.16049218539053114,
                0.16900939967246226,
                0.16943560028314397,
                0.16799527666141725,
                0.16581366026200683,
                0.16725387773326236
            ],
            [
                0.1596036156521423,
                0.16921147297676967,
                0.1698549842337147,
                0.16790314027001127,
                0.16525840107850448,
                0.16816838578811755
            ],
            [
                0.1589910584193123,
                0.16932611614519322,
                0.17012345226265302,
                0.16783240174623826,
                0.1649019414750389,
                0.16882502995197315
            ],
            [
                0.15918943644108255,
                0.1692910767066804,
                0.1700348323410405,
                0.16785411070135817,
                0.16501811966954943,
                0.16861242413993804
            ],
            [
                0.15851996369199509,
                0.1694054341379169,
                0.17031185244537098,
                0.16776744454061765,
                0.16464766479815948,
                0.16934764038606154
            ],
            [
                0.15815334888233354,
                0.16946380707688777,
                0.17046212659391927,
                0.16771583475522836,
                0.16444998977148972,
                0.16975489292058613
            ],
            [
                0.1578312015765645,
                0.16949663939754842,
                0.17057943092715164,
                0.16765841077980928,
                0.164301875829161,
                0.17013244148976514
            ],
            [
                0.15796050988256619,
                0.16948903049781602,
                0.17053728977626706,
                0.16768462716210825,
                0.1643536412350463,
                0.16997490144619604
            ],
            [
                0.15771728337011107,
                0.16947450965023045,
                0.17059063278738879,
                0.16762027429014714,
                0.16429640687443287,
                0.1703008930274671
            ],
            [
                0.15768052723477055,
                0.16943738058224267,
                0.17056479943682493,
                0.16759147588949802,
                0.16433903374287676,
                0.17038678311268265
            ],
            [
                0.15766952932818645,
                0.1694157878574199,
                0.17054704867453338,
                0.16757817167948455,
                0.16436653487682215,
                0.17042292758336278
            ],
            [
                0.15772359566862454,
                0.16929149591724382,
                0.17041165284179652,
                0.16752815301807453,
                0.16456161394471372,
                0.1704834886096356
            ],
            [
                0.15767162661170742,
                0.16937332069948063,
                0.17050381290283814,
                0.16755749346517287,
                0.16442874108871233,
                0.17046500523106622
            ],
            [
                0.15771928920323883,
                0.16929601779585313,
                0.17041713023319144,
                0.16752941697402118,
                0.16455386985940038,
                0.1704842759346761
            ],
            [
                0.15767404432632923,
                0.16942805789514503,
                0.17055797275568005,
                0.16758556211247422,
                0.16435003147476415,
                0.17040433143536315
            ],
            [
                0.1576689896283271,
                0.1693794925201784,
                0.1705130466742074,
                0.1675608135880849,
                0.16441726456771735,
                0.17046039302119972
            ],
            [
                0.1576537742964492,
                0.16939622351218397,
                0.17052837902779666,
                0.16756029945201079,
                0.16439532888918817,
                0.17046599482131805
            ],
            [
                0.1577120052884914,
                0.1694716164782333,
                0.1705897032610425,
                0.16761664574418014,
                0.16429936157262512,
                0.17031066765518005
            ],
            [
                0.15773043665386316,
                0.16948240044630883,
                0.17059295239622094,
                0.1676262151798454,
                0.1642910290004169,
                0.1702769663230923
            ],
            [
                0.15885373040510012,
                0.16935060076046202,
                0.17017588545719212,
                0.1678119093244366,
                0.16482959913215328,
                0.1689782749205522
            ],
            [
                0.15920128391984448,
                0.1692888285021766,
                0.17002994307633143,
                0.16785545969717863,
                0.16502491486710003,
                0.1685995699371332
            ],
            [
                0.1605476094613868,
                0.16899558515602991,
                0.16940890734953318,
                0.16799992187649332,
                0.16584981970504586,
                0.1671981564473603
            ],
            [
                0.16061324321627965,
                0.1689777310289096,
                0.16937438885790354,
                0.16800527647091534,
                0.16589488720531972,
                0.16713447322600175
            ],
            [
                0.16016724122864395,
                0.16908980503070759,
                0.16959665616966296,
                0.16796385608453385,
                0.1656023131176039,
                0.16758012836729863
            ],
            [
                0.16087688870474576,
                0.1689057358197935,
                0.1692363616391691,
                0.1680241921680883,
                0.16607459033857802,
                0.16688223131169613
            ],
            [
                0.15968213567373604,
                0.1691940075651173,
                0.16981724281249538,
                0.16791369105413362,
                0.16530601820980853,
                0.16808690468524848
            ],
            [
                0.15919753993770788,
                0.1692895512995232,
                0.17002736236841542,
                0.16785769182833699,
                0.16502265646341066,
                0.16860519810285204
            ],
            [
                0.15977403956960634,
                0.16917641331504912,
                0.1697788481083927,
                0.1679223229276719,
                0.16536007963249413,
                0.16798829644542604
            ],
            [
                0.16049665248993367,
                0.16900890385399392,
                0.16943483420756544,
                0.16799533512050296,
                0.16581581749319774,
                0.16724845683480638
            ],
            [
                0.16098981738878787,
                0.16888367020126768,
                0.16919702401816855,
                0.1680323371504179,
                0.16613142707825654,
                0.1667657241174629
            ],
            [
                0.16147683194231777,
                0.16867941220932675,
                0.16886875588116337,
                0.16803720762308252,
                0.16655526736549384,
                0.1663825249718603
            ],
            [
                0.16118803684572033,
                0.16881137689853912,
                0.16907683908702809,
                0.16803889266310865,
                0.16628737525407214,
                0.16659747923892482
            ],
            [
                0.16080202853464332,
                0.1689235282474011,
                0.1692727960928423,
                0.1680207769985519,
                0.16602664030333036,
                0.1669542298324144
            ],
            [
                0.16099089490439367,
                0.16887876482648814,
                0.16919348408142576,
                0.16803856389943875,
                0.16613161873012358,
                0.1667666735360438
            ],
            [
                0.16125135391666523,
                0.1687861538861145,
                0.16903348209243763,
                0.1680379522508657,
                0.1663431815870449,
                0.16654787625991327
            ],
            [
                0.16130185806873895,
                0.1687613237617694,
                0.168999251017978,
                0.1680359361955348,
                0.16639136746041555,
                0.16651026348113188
            ],
            [
                0.1608912466736833,
                0.1689059862433848,
                0.16922644233289655,
                0.16801128854002328,
                0.16609104654133056,
                0.16687398961541403
            ],
            [
                0.16088604055513922,
                0.16890586100281654,
                0.16923757963703084,
                0.168027334863418,
                0.16607343993608525,
                0.1668697439926645
            ],
            [
                0.1607893667379785,
                0.16892745484600236,
                0.16926894199796028,
                0.16802837687736627,
                0.16601592186045505,
                0.1669699376811839
            ],
            [
                0.16135869802967298,
                0.16873706035040664,
                0.16895742173761852,
                0.1680384021672389,
                0.16644142518153113,
                0.1664669925444978
            ],
            [
                0.1617473444862492,
                0.16852561780544248,
                0.16863046710803606,
                0.16802408341053227,
                0.16685288548680743,
                0.16621960164838856
            ],
            [
                0.1616874826990759,
                0.1685610262272508,
                0.16869293168391022,
                0.16802554520763432,
                0.16678295363260018,
                0.16625006053723926
            ],
            [
                0.16170227972779738,
                0.16855084154775593,
                0.16868172495500924,
                0.16802728163541567,
                0.1667976210030855,
                0.16624025112516383
            ],
            [
                0.1618823957058431,
                0.16838329822341355,
                0.16846216738165626,
                0.16799564696802632,
                0.1671157201101849,
                0.16616077161087575
            ],
            [
                0.1619043825984427,
                0.1683648221377064,
                0.1684379239223673,
                0.16799130544260135,
                0.1671451787872186,
                0.16615638711166344
            ],
            [
                0.16275413647957424,
                0.16762043275519983,
                0.16745729127230444,
                0.16782123239338723,
                0.16833880586400404,
                0.16600810123553006
            ],
            [
                0.16230927709360732,
                0.1680424239069131,
                0.16800652426970933,
                0.16792727555926423,
                0.16767320265699323,
                0.16604129647589733
            ],
            [
                0.1622895017227741,
                0.16805772558050655,
                0.16802521114372607,
                0.16792838513477146,
                0.16764948540258237,
                0.16604969101563938
            ],
            [
                0.162366409185817,
                0.1680035938159427,
                0.1679499478855973,
                0.16792028724958136,
                0.16774271598303916,
                0.16601704588002228
            ],
            [
                0.16169569056412728,
                0.16855422267116538,
                0.1686874909653986,
                0.16802757236619975,
                0.16679060150679365,
                0.16624442192513914
            ],
            [
                0.16164020145359576,
                0.16859011008086527,
                0.16873638588805553,
                0.16803065002579434,
                0.16672666708654868,
                0.16627598546513336
            ],
            [
                0.1613293308387795,
                0.1687440650540405,
                0.1689776123178557,
                0.1680253830304849,
                0.16642836052548818,
                0.16649524819633885
            ],
            [
                0.16110652010246884,
                0.168843856852095,
                0.16912952998218625,
                0.16803588049610566,
                0.166220216181967,
                0.16666399633419077
            ],
            [
                0.16122492688185178,
                0.16879554416790812,
                0.1690519239023772,
                0.16803894923546953,
                0.16631991593674286,
                0.1665687398808426
            ],
            [
                0.16138191791234502,
                0.1687261283038137,
                0.1689390022845346,
                0.1680384557949159,
                0.1664637507733682,
                0.16645074491109116
            ],
            [
                0.16102891536165395,
                0.1688722644775915,
                0.16917814729215178,
                0.16802726535524465,
                0.16616300817932733,
                0.16673039931704825
            ],
            [
                0.16125472123195594,
                0.16878296174977764,
                0.16903344407902376,
                0.16803870730908194,
                0.16634574849045916,
                0.16654441707943116
            ],
            [
                0.16155922273043447,
                0.16863690973961354,
                0.1688042185357782,
                0.16803366946567053,
                0.1666393753197415,
                0.16632660421313478
            ],
            [
                0.16160289350580173,
                0.16873657467396372,
                0.16890751350041547,
                0.16788114970229517,
                0.16666219171785907,
                0.16620967685196011
            ],
            [
                0.16144491254087234,
                0.16869335302308705,
                0.16889574310299943,
                0.16803769890117726,
                0.1665239390292933,
                0.16640435338122156
            ],
            [
                0.16165577303363157,
                0.16858178350753583,
                0.16872171905442626,
                0.16803253794229153,
                0.16674194584340873,
                0.16626624060619732
            ],
            [
                0.16157229193021855,
                0.1686231548183965,
                0.16876936079330088,
                0.16803446409362527,
                0.16666674199316098,
                0.16633398636932162
            ],
            [
                0.16194454035109726,
                0.16833105476079302,
                0.16839394673698652,
                0.16798316434875074,
                0.167199181093673,
                0.1661481127086994
            ],
            [
                0.16204029630718977,
                0.16825063919957847,
                0.16828804367322775,
                0.16796473499335912,
                0.1673285058949053,
                0.16612777993173963
            ],
            [
                0.16197156574504884,
                0.16830826818515715,
                0.16836395474758953,
                0.16797762928321974,
                0.16723587072933818,
                0.16614271130964647
            ],
            [
                0.1615795346964691,
                0.16862169423924803,
                0.16878777871668998,
                0.1680332617628483,
                0.16666279685480823,
                0.16631493371653985
            ],
            [
                0.16141237702232855,
                0.16870751083315247,
                0.16891890627435177,
                0.1680405978322444,
                0.16649221135729278,
