[
    {
        "T": 927,
        "best_arm": 1,
        "w_s": [
            [
                0.5790967248766432,
                0.42090047226678434,
                2.802856571858231e-06
            ],
            [
                0.5790944003297293,
                0.4209046833797458,
                9.162903255514534e-07
            ],
            [
                0.5854944009764597,
                0.414505197247714,
                4.0177570949706894e-07
            ],
            [
                0.5790627157395092,
                0.4209360446186001,
                1.2396418857945317e-06
            ],
            [
                0.5790971922772775,
                0.420901686544315,
                1.1211784095798536e-06
            ],
            [
                0.5791071936304139,
                0.4208915686502634,
                1.2377193224692516e-06
            ],
            [
                0.579096467606195,
                0.42090342656408525,
                1.058324885730219e-07
            ],
            [
                0.5791020312357924,
                0.42089667578278894,
                1.2929814186151127e-06
            ],
            [
                0.5790972046041604,
                0.42090264294696467,
                1.5244559844135913e-07
            ],
            [
                0.5791198672024002,
                0.42087710500742953,
                3.0277901702576723e-06
            ],
            [
                0.5790796422052978,
                0.42091888759885987,
                1.4701958422075998e-06
            ],
            [
                0.5790959918822756,
                0.42090309400248355,
                9.141046900997953e-07
            ],
            [
                0.5791057375710178,
                0.42089334057334904,
                9.218556330807555e-07
            ],
            [
                0.5791162808163677,
                0.42088145324065085,
                2.2659008568987667e-06
            ],
            [
                0.5791156357402201,
                0.4208820683330356,
                2.2959267442089304e-06
            ],
            [
                0.5791134127853862,
                0.42088525312316655,
                1.3340914471920722e-06
            ],
            [
                0.5791165438226199,
                0.4208825758333359,
                8.803504270822274e-07
            ],
            [
                0.5791445362344981,
                0.420854240029709,
                1.2237357181557001e-06
            ],
            [
                0.5791093457719221,
                0.4208897737905078,
                8.804291734542576e-07
            ],
            [
                0.5790946472609552,
                0.4209049076336552,
                4.4510538952871023e-07
            ],
            [
                0.5791067949828739,
                0.4208924598254669,
                7.503112047432844e-07
            ],
            [
                0.5791012487356468,
                0.420898551389499,
                1.998748541314751e-07
            ],
            [
                0.5790924717206223,
                0.4209070194216962,
                5.088576815473005e-07
            ],
            [
                3.4929289513565867e-07,
                0.41812985027877675,
                0.5818698004283283
            ],
            [
                0.3093661837711445,
                0.41849556254639236,
                0.27213825367571315
            ],
            [
                0.4867307680573573,
                0.4196681403041712,
                0.09360109163847136
            ],
            [
                8.40887235524775e-07,
                0.4181330083080212,
                0.5818661508047432
            ],
            [
                4.173328707077631e-07,
                0.4181271064144586,
                0.5818724762526706
            ],
            [
                4.855626758803519e-07,
                0.41812688506560347,
                0.5818726293717207
            ],
            [
                4.4116345823801855e-07,
                0.418127087672065,
                0.5818724711644767
            ],
            [
                3.813737258263033e-07,
                0.4181285622274931,
                0.581871056398781
            ],
            [
                4.631418980910699e-07,
                0.4181271834610784,
                0.581872353401335
            ],
            [
                3.7562112686042034e-07,
                0.41812824534860166,
                0.5818713790302716
            ],
            [
                5.485438942648687e-07,
                0.41813087239400143,
                0.5818685790621042
            ],
            [
                3.984594378539871e-07,
                0.4181272989890794,
                0.5818723025514827
            ],
            [
                1.6402560658099251e-07,
                0.4181332453551207,
                0.5818665906192727
            ],
            [
                6.886440544307326e-08,
                0.4181317298975663,
                0.5818682012327221
            ],
            [
                3.9461436644979294e-07,
                0.4181288449573146,
                0.581870760428319
            ],
            [
                3.2043224555361423e-07,
                0.4181299694916655,
                0.581869710076089
            ],
            [
                4.866987521336709e-07,
                0.41812868271124154,
                0.5818708305900062
            ],
            [
                0.0013436601501446567,
                0.4178263553556076,
                0.5808299844942469
            ],
            [
                7.431814030803433e-08,
                0.41812797605149876,
                0.5818719496303609
            ],
            [
                6.544756195629174e-07,
                0.4181272991378349,
                0.5818720463865453
            ],
            [
                7.592325253282925e-07,
                0.41812684879645,
                0.5818723919710245
            ],
            [
                7.290592219750448e-08,
                0.4181267893702702,
                0.5818731377263966
            ],
            [
                5.043901176475978e-07,
                0.41812726273360684,
                0.5818722328762757
            ],
            [
                0.023728084246067767,
                0.4178063011419236,
                0.5584656146156061
            ],
            [
                1.2651586137981872e-07,
                0.4181279883193215,
                0.5818718851648171
            ],
            [
                0.057543339895586826,
                0.4178201379064707,
                0.5246365222134783
            ],
            [
                0.1645175529234359,
                0.41799199248038654,
                0.4174904545961053
            ],
            [
                0.1602142951830251,
                0.4179526863580329,
                0.4218330184489941
            ],
            [
                0.15499333527519488,
                0.4179321771217545,
                0.4270744875922447
            ],
            [
                0.18478385302160066,
                0.4180170061028656,
                0.3971991408755339
            ],
            [
                0.18853387850055112,
                0.41802333895173643,
                0.3934427825477126
            ],
            [
                0.15997461312531314,
                0.41798334139248655,
                0.42204204548235486
            ],
            [
                0.15650815197851062,
                0.41797198102648286,
                0.42551986699416744
            ],
            [
                0.20493352566780312,
                0.4180646765012464,
                0.3770017978295886
            ],
            [
                0.24380415313972464,
                0.41819381805514083,
                0.3380020287978002
            ],
            [
                0.2329009345199137,
                0.4181483420194402,
                0.34895072345744627
            ],
            [
                0.23299118431692165,
                0.41814902862672454,
                0.34885978705309084
            ],
            [
                0.12201345044257024,
                0.4179077999879717,
                0.46007874956945827
            ],
            [
                0.1520897127499137,
                0.4179762930448346,
                0.4299339942052517
            ],
            [
                0.17424932223329764,
                0.41800201249466445,
                0.407748665273771
            ],
            [
                1.414491802126484e-07,
                0.418126576432445,
                0.5818732821199994
            ],
            [
                3.52747065573017e-07,
                0.4181278844199637,
                0.5818717628329707
            ],
            [
                1.40404458567337e-07,
                0.4181276141573441,
                0.5818722454381401
            ],
            [
                0.061630682981973946,
                0.4178229013422676,
                0.5205464156532355
            ],
            [
                1.7463810952942776e-07,
                0.41812682336463414,
                0.5818730019990322
            ],
            [
                6.029166959937111e-07,
                0.41812807105727934,
                0.5818713260260246
            ],
            [
                6.24189013742438e-07,
                0.41812865686700773,
                0.5818707189439785
            ],
            [
                5.954911002476149e-07,
                0.4181295327986486,
                0.5818698717102511
            ],
            [
                4.138376492910783e-07,
                0.4181280069152542,
                0.5818715792470966
            ],
            [
                4.369809947853623e-07,
                0.4181273619690538,
                0.5818722010499514
            ],
            [
                6.377362276421748e-07,
                0.41812976752446623,
                0.5818695947393062
            ],
            [
                3.2819924620504196e-07,
                0.4181301488159547,
                0.5818695229871913
            ],
            [
                1.190363920469415e-07,
                0.41813196376414324,
                0.5818679172050935
            ],
            [
                0.028145254602335898,
                0.4178082185720357,
                0.5540465268256285
            ],
            [
                0.025863415178314374,
                0.4178088439959466,
                0.5563277408391116
            ],
            [
                0.03208237747282545,
                0.4177895236390261,
                0.5501280988881486
            ],
            [
                0.05428908404211526,
                0.4177949680103761,
                0.5279159479475073
            ],
            [
                4.6315078791409176e-07,
                0.41813018362440785,
                0.5818693532228975
            ],
            [
                0.037169307276932566,
                0.41780158121167904,
                0.5450291115113879
            ],
            [
                7.905521389356785e-08,
                0.4181319997614473,
                0.5818679211823772
            ],
            [
                1.0616212633185535e-07,
                0.41813030607195684,
                0.5818695877628678
            ],
            [
                5.924714231106697e-07,
                0.41813108965338186,
                0.581868317875195
            ],
            [
                3.77154357446231e-07,
                0.41812846010294774,
                0.581871162742695
            ],
            [
                5.666518255780736e-07,
                0.418130225110844,
                0.5818692082373303
            ],
            [
                4.291821928877081e-07,
                0.41812807571936067,
                0.5818714950984464
            ],
            [
                4.643114914637732e-07,
                0.4181274646159059,
                0.5818720710726026
            ],
            [
                5.375311426315694e-07,
                0.41812738021628204,
                0.5818720822525753
            ],
            [
                5.31780666884921e-07,
                0.41812725331383394,
                0.5818722149054991
            ]
        ],
        "lambdas": [
            0.10404938615437605,
            0.004424525336821605,
            0.011945777344991648,
            0.025446873325465365,
            0.25739346897547316,
            0.7535163411494358,
            1.339098184938649,
            1.2417098390014687,
            0.8517422841910444,
            1.3045850887544865,
            1.0209005945392229,
            1.605197964990319,
            1.393727380993758,
            2.810124545164161,
            3.0044908724962567,
            2.451054329105789,
            3.4958951678140315,
            4.593380738109012,
            4.67326971359569,
            5.891358439846155,
            6.150264989119301,
            6.51834548154857,
            7.90501116203302,
            7.969065481464546,
            8.079017605901472,
            9.231859759460423,
            7.022527902542477,
            7.067688181401047,
            7.732736786289596,
            8.210779457572793,
            8.449936304143455,
            8.970683639083102,
            9.20244581766521,
            9.052416068602712,
            8.700685567418946,
            8.782066075443968,
            9.68688919010338,
            10.344635357296339,
            11.701113477721723,
            11.453952017125875,
            12.441725821905274,
            13.071308393235714,
            13.265045039728054,
            14.41645232196911,
            15.266711017244836,
            15.588330600300022,
            16.175920036667666,
            16.52105156002653,
            17.831248907165637,
            17.725093036139896,
            16.819630243591174,
            15.730053788129059,
            16.08621747541914,
            17.946987337550805,
            19.588089669121526,
            19.72220087853221,
            20.103167062547247,
            20.563955536088613,
            21.201317271808513,
            21.661410189074804,
            22.939915432936555,
            22.61355131152512,
            23.12216948331921,
            22.383617464346358,
            22.295464973910228,
            23.18099726853761,
            24.20953176876547,
            23.76797474309943,
            21.75007677778529,
            21.585845481158263,
            20.795990294476805,
            20.844228484019187,
            20.60209968843768,
            21.502679871683434,
            21.032591706960137,
            19.986433097669092,
            20.36418516021188,
            20.28857190822126,
            21.72333351195709,
            22.550533199321396,
            22.36466581514583,
            22.383789781693608,
            21.788023687455325,
            22.80066337959056,
            22.98709691018636,
            23.0298551587951,
            24.37082205238919,
            25.626777549356678,
            25.918357634703803,
            25.450494336578473,
            25.269155008374753,
            26.43631390272929
        ],
        "betas": [
            17.90034177954341,
            19.537037348935755,
            20.461591929472988,
            21.11384840716572,
            21.608491671289052,
            21.86158110828306,
            22.144289504460865,
            22.38558149481564,
            22.680980606859265,
            22.8617638793851,
            23.021476681299916,
            23.168676225767665,
            23.38010923468245,
            23.47443840092621,
            23.62991470580694,
            23.729657367784263,
            23.806412212676896,
            23.89464750146287,
            24.011974290009533,
            24.092629581795673,
            24.149489903165268,
            24.236997779964938,
            24.330247518028877,
            24.418052543930777,
            24.51317029833733,
            24.562244974085623,
            24.61814767919354,
            24.67092635687751,
            24.713233395763453,
            24.772706215005392,
            24.821641444575782,
            24.876342048593862,
            24.92069376892421,
            24.97137056567908,
            25.012070712357527,
            25.051549075265644,
            25.097119268954902,
            25.148477443824195,
            25.18329815544589,
            25.211386550731874,
            25.258637244116834,
            25.291759251900274,
            25.323071937384043,
            25.360811097550584,
            25.385294477590193,
            25.42265969137889,
            25.452226404727107,
            25.481093956173815,
            25.51545792720445,
            25.548815088182742,
            25.570605533337044,
            25.591284591203802,
            25.61112447409114,
            25.629962413725004,
            25.65467603189441,
            25.67258310493498,
            25.689868666867774,
            25.706981622698216,
            25.723196066325187,
            25.738405791567118,
            25.76659383296134,
            25.78956996487839,
            25.82707222202918,
            25.852744466426273,
            25.883461708540104,
            25.90790659628393,
            25.928475121802087,
            25.961419621279,
            25.981080560066793,
            26.011971959117652,
            26.034954458517845,
            26.060658472124743,
            26.08234193695577,
            26.11026678165142,
            26.130779249733806,
            26.151065070423343,
            26.1707234056803,
            26.183223019632614,
            26.195325650145662,
            26.207295442129805,
            26.229087463914595,
            26.247116667357233,
            26.26534272855457,
            26.285974830431485,
            26.309209033880947,
            26.329569233955652,
            26.34889906884223,
            26.362974760549974,
            26.38173652280267,
            26.398104954731984,
            26.409549638076896,
            26.41724320168408
        ]
    },
    {
        "T": 1165,
        "best_arm": 1,
        "w_s": [
            [
                0.5791005362057416,
                0.42089575629790454,
                3.7074963536719227e-06
            ],
            [
                0.5790848970541815,
                0.4209142645840496,
                8.383602609186248e-07
            ],
            [
                0.5791002890309254,
                0.420899314801268,
                3.9616780642747526e-07
            ],
            [
                0.5790448029007254,
                0.42095354161979004,
                1.6554794872914252e-06
            ],
            [
                0.5791433537365707,
                0.4208548866449639,
                1.7596184656427597e-06
            ],
            [
                0.5791114087116576,
                0.4208870798921313,
                1.5113962664679868e-06
            ],
            [
                0.5791043365091514,
                0.42089485137665955,
                8.121141906580645e-07
            ],
            [
                0.5790882343531146,
                0.42090886710438213,
                2.8985425022175156e-06
            ],
            [
                0.5790722945442446,
                0.4209272380586475,
                4.67397008024336e-07
            ],
            [
                0.5790685614737331,
                0.4209306020938482,
                8.364324158423196e-07
            ],
            [
                0.5791045207347364,
                0.42089485905496116,
                6.202103024109549e-07
            ],
            [
                4.852819862158096e-09,
                0.41810859314594945,
                0.5818914020012314
            ],
            [
                2.6207978140506983e-09,
                0.418133719192507,
                0.5818662781866952
            ],
            [
                6.458880020200302e-08,
                0.4181232986473393,
                0.5818766367638604
            ],
            [
                7.118590678003425e-07,
                0.41813607110606327,
                0.581863217034869
            ],
            [
                1.3287657551696399e-08,
                0.41812999756120117,
                0.5818699891511414
            ],
            [
                1.1847541481388966e-07,
                0.418100369144506,
                0.5818995123800792
            ],
            [
                0.48735501670538595,
                0.4196549239904314,
                0.0929900593041835
            ],
            [
                0.579109669249551,
                0.42088969463417597,
                6.361162731038888e-07
            ],
            [
                0.1713556326688499,
                0.41794498646808753,
                0.41069938086306246
            ],
            [
                5.65467208416311e-09,
                0.4181370664678831,
                0.581862927878871
            ],
            [
                7.649225026996143e-09,
                0.41811823809462,
                0.5818817542561551
            ],
            [
                2.1589712501864934e-08,
                0.4181055336829997,
                0.5818944447272879
            ],
            [
                4.0070536281130563e-07,
                0.41815102065945486,
                0.5818485786351825
            ],
            [
                9.723700968343885e-08,
                0.41812496210071837,
                0.5818749406622721
            ],
            [
                8.691288772040567e-08,
                0.418134835245202,
                0.5818650778419103
            ],
            [
                2.2674152832591532e-07,
                0.41814786763005063,
                0.581851905628421
            ],
            [
                2.968114145087139e-07,
                0.41812899216668004,
                0.5818707110262978
            ],
            [
                9.98775515126667e-08,
                0.41812158852086817,
                0.5818783116015803
            ],
            [
                8.321778806422638e-08,
                0.4181318887467112,
                0.5818680280355008
            ],
            [
                9.063962523092451e-07,
                0.4181272749221045,
                0.5818718186816432
            ],
            [
                9.241530107523655e-07,
                0.4181271916804156,
                0.5818718841665736
            ],
            [
                8.197076831856865e-07,
                0.4181275023981351,
                0.5818716778941817
            ],
            [
                8.9120549059486e-07,
                0.41812695451519943,
                0.5818721542793099
            ],
            [
                8.140118492081368e-07,
                0.4181269053353153,
                0.5818722806528355
            ],
            [
                2.6525603635022785e-07,
                0.4181295058056887,
                0.5818702289382749
            ],
            [
                1.1265347940507923e-07,
                0.41812909983217267,
                0.581870787514348
            ],
            [
                5.5759728816541955e-08,
                0.41813065273137323,
                0.581869291508898
            ],
            [
                4.310375679333175e-07,
                0.4181247082192448,
                0.5818748607604388
            ],
            [
                4.812141123161495e-08,
                0.4181223097725209,
                0.5818776421060681
            ],
            [
                9.188989620860119e-08,
                0.41812468477935866,
                0.5818752233307452
            ],
            [
                8.096999598623495e-08,
                0.41812443630883683,
                0.5818754827448979
            ],
            [
                2.9536784561980023e-09,
                0.41812680207201963,
                0.5818731949811194
            ],
            [
                1.1017090793261785e-07,
                0.4181241738318667,
                0.58187571601013
            ],
            [
                3.8048698932764407e-07,
                0.41813163618911725,
                0.5818679833238934
            ],
            [
                7.426738606302727e-08,
                0.41812158419893364,
                0.5818783415336802
            ],
            [
                3.0175416917913576e-07,
                0.41812777676686264,
                0.5818719214778655
            ],
            [
                2.33484979434432e-07,
                0.41812984661275765,
                0.5818699199047097
            ],
            [
                9.153971773173667e-08,
                0.4181317329433918,
                0.5818681755229602
            ],
            [
                2.9318453969234296e-07,
                0.41812871011817976,
                0.5818709966972805
            ],
            [
                1.1885319064268011e-07,
                0.41813142838488065,
                0.5818684527645056
            ],
            [
                1.0620944485102966e-07,
                0.41812105123712023,
                0.5818788425534348
            ],
            [
                1.0739769331339195e-07,
                0.41812145074647405,
                0.5818784418558327
            ],
            [
                8.512334677281021e-08,
                0.41812103117392635,
                0.5818788837027267
            ],
            [
                2.0781797185368053e-07,
                0.4181216819662257,
                0.5818781102158025
            ],
            [
                3.5845421861421333e-07,
                0.4181272863512106,
                0.5818723551945707
            ],
            [
                7.617035064831241e-08,
                0.41813161519571923,
                0.5818683086349734
            ],
            [
                3.0498473892716137e-07,
                0.4181283785024475,
                0.5818713165162999
            ],
            [
                2.618659019054589e-07,
                0.41812950570324753,
                0.5818702324309204
            ],
            [
                1.0460211004319885e-07,
                0.41813157604296763,
                0.5818683193472961
            ],
            [
                3.09719046607286e-07,
                0.41813129423247425,
                0.5818683960687456
            ],
            [
                9.87834492777164e-08,
                0.4181249500855545,
                0.5818749511309964
            ],
            [
                8.301017567124304e-08,
                0.41812769454490506,
                0.5818722224267836
            ],
            [
                8.273179378739649e-08,
                0.4181312535676448,
                0.5818686637241495
            ],
            [
                5.016708878006959e-08,
                0.41812072730232736,
                0.581879222530584
            ],
            [
                5.042774975999436e-08,
                0.41812056661798536,
                0.5818793829536574
            ],
            [
                1.3192850561302815e-07,
                0.41812179038445196,
                0.5818780776870425
            ],
            [
                3.402511583770691e-07,
                0.41812774007024744,
                0.5818719196832007
            ],
            [
                2.0227953295659296e-07,
                0.41812177966293196,
                0.5818780180575349
            ],
            [
                3.5911516519739784e-07,
                0.4181267754487194,
                0.5818728654361155
            ],
            [
                1.8410270575185925e-07,
                0.41812154387213796,
                0.5818782720251564
            ],
            [
                4.582501581018813e-08,
                0.41813114916484295,
                0.5818688050063665
            ],
            [
                3.481748054666407e-08,
                0.41813096380923287,
                0.5818690013751165
            ],
            [
                8.048552872031033e-07,
                0.41812642074736894,
                0.581872774397344
            ],
            [
                5.730800777808602e-08,
                0.4181314910549136,
                0.5818684516438534
            ],
            [
                1.660553046142882e-07,
                0.4181302899553944,
                0.5818695439935315
            ],
            [
                1.0612895630303023e-07,
                0.4181306743610532,
                0.5818692195171515
            ],
            [
                7.806816519050842e-07,
                0.4181263894745973,
                0.5818728298437508
            ],
            [
                7.016932320983602e-07,
                0.41812652559968033,
                0.5818727727070876
            ],
            [
                7.238811560428341e-07,
                0.4181264538700325,
                0.5818728222488116
            ],
            [
                7.70405244511088e-07,
                0.4181263361892382,
                0.5818728934055174
            ],
            [
                6.867386740393029e-07,
                0.41812658730128066,
                0.5818727259600451
            ],
            [
                6.163850371289019e-07,
                0.41812665280046846,
                0.5818727308144944
            ],
            [
                5.777933367954791e-07,
                0.418126672848189,
                0.5818727493584741
            ],
            [
                5.323484105004849e-07,
                0.4181267058218976,
                0.581872761829692
            ],
            [
                5.179746510416288e-07,
                0.41812672917900207,
                0.5818727528463469
            ],
            [
                5.435225574667733e-07,
                0.4181267680677005,
                0.581872688409742
            ],
            [
                5.569931245360129e-07,
                0.4181266952677885,
                0.5818727477390868
            ],
            [
                6.38075560146246e-07,
                0.41812663702662695,
                0.581872724897813
            ],
            [
                2.90933083871117e-08,
                0.41813087675626953,
                0.5818690941476773
            ],
            [
                2.7840520149944906e-08,
                0.41813063310808624,
                0.5818693390560382
            ],
            [
                6.276133751647011e-07,
                0.418126672946824,
                0.5818726994398008
            ],
            [
                6.756873950695125e-07,
                0.4181265870354917,
                0.5818727372771133
            ],
            [
                7.104931870837692e-07,
                0.41812650064983087,
                0.5818727888569819
            ],
            [
                7.145912540014249e-07,
                0.41812650549271885,
                0.581872779916027
            ],
            [
                2.838080598635504e-08,
                0.41813075216579143,
                0.5818692194508113
            ],
            [
                7.744256028278246e-07,
                0.4181262887787864,
                0.5818729367956108
            ],
            [
                6.727122699869178e-07,
                0.4181265867177606,
                0.5818727405699694
            ],
            [
                2.0673866077087438e-07,
                0.4181290922403371,
                0.5818707010255153
            ],
            [
                2.4492979441590774e-07,
                0.41812853628558855,
                0.5818712187882812
            ],
            [
                2.4959662584758516e-07,
                0.4181286549727721,
                0.5818710954284855
            ],
            [
                1.4484462317968595e-07,
                0.41813037728348956,
                0.5818694778785195
            ],
            [
                1.9371924942518118e-07,
                0.4181299544003365,
                0.5818698518700701
            ],
            [
                4.1112914372764885e-08,
                0.4181311045362465,
                0.5818688543515739
            ],
            [
                2.3444643472565688e-07,
                0.41812960704034813,
                0.5818701585167573
            ],
            [
                4.3908665684158254e-07,
                0.41812370451942,
                0.5818758563939231
            ],
            [
                3.9044674312549375e-07,
                0.4181254055909592,
                0.5818742039622978
            ],
            [
                6.466549027110526e-08,
                0.41813142283229715,
                0.5818685125022125
            ],
            [
                5.451859648913983e-08,
                0.41813145865438484,
                0.5818684868282588
            ],
            [
                4.8908805729591206e-08,
                0.4181314139155654,
                0.5818685371756289
            ],
            [
                5.850137770639717e-08,
                0.4181315264848547,
                0.5818684150098493
            ],
            [
                7.000537175089265e-08,
                0.41813152978167645,
                0.5818684002162829
            ],
            [
                7.53506856287873e-08,
                0.4181315784183872,
                0.5818683462260809
            ],
            [
                6.978282977767921e-08,
                0.41813172525372105,
                0.5818682049593296
            ],
            [
                8.454267902057861e-07,
                0.41812697558866924,
                0.5818721789845406
            ],
            [
                6.060523346130123e-08,
                0.4181316052231456,
                0.5818683341721891
            ]
        ],
        "lambdas": [
            1.0392335948278426,
            1.6558418775210388,
            0.7160670319357637,
            0.17481706816346942,
            0.09535300431404624,
            0.019591930761569943,
            0.08774213352986847,
            0.12108184528301932,
            0.07157202818071907,
            0.24089786933221702,
            0.6699587897450447,
            0.9012952686616537,
            1.7121664585505572,
            2.495449269013029,
            2.161300648031239,
            1.8576321952973749,
            2.406355634600009,
            1.9682046792808237,
            2.136114523617252,
            3.0174427049253283,
            2.924096713224927,
            3.286190918479631,
            3.525694290440395,
            3.406062825551644,
            4.127926967716352,
            3.985139790006527,
            3.9856150507052033,
            5.669826972516767,
            5.34807701626782,
            6.524352139119873,
            6.8178258403585,
            7.027234477537426,
            7.434192669541708,
            7.368822252997144,
            7.635985628420063,
            7.3470377974083325,
            7.463478283006866,
            7.862066159903198,
            7.670618897026231,
            7.12233788207919,
            6.92480165619603,
            7.153573672884249,
            6.699055203137392,
            7.0625253328165005,
            7.2084043314274515,
            8.486768153070262,
            9.588788935377602,
            10.013932099901359,
            10.656975067197537,
            10.346618498179598,
            11.004396346073337,
            9.834367549575793,
            10.024825656832823,
            10.0865927373904,
            10.758241324797282,
            11.450599021680109,
            12.39571598549022,
            11.997337498181215,
            12.437411286876289,
            13.090048482847681,
            12.506297185725222,
            10.928904573883676,
            10.34048300809059,
            10.619191761593427,
            11.865960039128604,
            12.050352318367082,
            12.92642559752701,
            13.813756586525933,
            13.56873719265375,
            14.142768756330177,
            13.87369923110181,
            15.488956835236202,
            15.668190988014834,
            16.115980663810618,
            16.428769994995935,
            16.082864808010655,
            16.390142488021755,
            16.971468092623635,
            17.300882888395613,
            17.330412604372643,
            17.506066810915865,
            18.295432954711732,
            18.818149392348992,
            19.300225198997975,
            19.925926187219368,
            20.387362709761366,
            20.01206110884849,
            20.3202757461716,
            19.998190752265113,
            19.44347541434089,
            19.47991626034638,
            20.61745063213531,
            20.5477058878937,
            20.55408762437771,
            20.899161948366295,
            20.62791264303032,
            20.922540323469292,
            21.759694587846337,
            20.686457667119335,
            20.794464763281223,
            21.03835611763336,
            21.686228978592947,
            21.79187454806784,
            22.490548891570448,
            22.13057972240962,
            21.177125939486803,
            21.49626625173002,
            23.444460439232078,
            23.989437490565592,
            24.288802476140525,
            24.497074480067273,
            24.444659500959126,
            24.6744944851828,
            25.42962803398772,
            25.987782852641608,
            25.794177121231346,
            26.702061047074874
        ],
        "betas": [
            16.208069834294804,
            18.7471804697728,
            19.94915929646298,
            20.876055055776483,
            21.37837716492566,
            21.815757854179097,
            22.134275047473707,
            22.364474768988558,
            22.561381099756332,
            22.753553891366522,
            22.92383253136378,
            23.130603448480898,
            23.29776468984731,
            23.44566218602789,
            23.562872673075375,
            23.671475213959845,
            23.787209201029576,
            23.881011876926113,
            23.983398952808827,
            24.07851760397849,
            24.168092142855073,
            24.25275824251738,
            24.310092250709445,
            24.36366815357939,
            24.447031106540457,
            24.51858915455432,
            24.575622376871998,
            24.640722350233567,
            24.693435364837296,
            24.760929084613366,
            24.800241005785097,
            24.84761902455088,
            24.892337496037456,
            24.935879363346352,
            24.985809413735396,
            25.0268232293883,
            25.066552390950445,
            25.104830181343843,
            25.142459375508786,
            25.185681448739587,
            25.214182775383073,
            25.24170485098138,
            25.27522565527856,
            25.30785070744043,
