[
    {
        "T": 3766,
        "best_arm": 0,
        "w_s": [
            [
                0.18056630596712941,
                0.06833088254398213,
                0.7511028114894597
            ],
            [
                0.1805449644714951,
                0.06832065014845091,
                0.7511343853800411
            ],
            [
                0.18057247537739257,
                0.06835845919599778,
                0.7510690654113558
            ],
            [
                0.18055469818719766,
                0.06836894949995355,
                0.7510763523128489
            ],
            [
                0.18057718732776257,
                0.06834670290697421,
                0.7510761097652636
            ],
            [
                0.18056583651819177,
                0.06833150690162564,
                0.7511026565801819
            ],
            [
                0.18058975713064077,
                0.06831555953639191,
                0.7510946833329673
            ],
            [
                0.18059476563732058,
                0.06834979865433218,
                0.7510554357083485
            ],
            [
                0.1805647128536485,
                0.0683479076943863,
                0.7510873794519645
            ],
            [
                0.18056375667043217,
                0.06831444196519913,
                0.7511218014506645
            ],
            [
                0.18057997740800247,
                0.06832660667313689,
                0.7510934159188607
            ],
            [
                0.18056841816857302,
                0.06832307441257049,
                0.7511085074247947
            ],
            [
                0.18061474822423132,
                0.06831433054129461,
                0.7510709212344692
            ],
            [
                0.1805544518030861,
                0.06835721941559672,
                0.7510883287813136
            ],
            [
                0.1805981501813038,
                0.06839402584334117,
                0.7510078239753524
            ],
            [
                0.18060980586913833,
                0.06828527657846692,
                0.7511049175523935
            ],
            [
                0.1806084794704748,
                0.06831210320739078,
                0.7510794173221335
            ],
            [
                0.18056247703537198,
                0.06834574565400629,
                0.7510917773106215
            ],
            [
                0.18056166250250194,
                0.06836317484250172,
                0.7510751626549964
            ],
            [
                0.1805755531067077,
                0.0683586243066705,
                0.7510658225809738
            ],
            [
                0.18057331679135688,
                0.06834290654176951,
                0.7510837766535106
            ],
            [
                0.1805759653227193,
                0.06834398073099847,
                0.7510800539462822
            ],
            [
                0.18058544734984144,
                0.06832064832249478,
                0.7510939043276638
            ],
            [
                0.18057268996457754,
                0.0683799181303031,
                0.751047391905136
            ],
            [
                0.18057424398041635,
                0.06834010961961497,
                0.7510856463999686
            ],
            [
                0.1805792067877363,
                0.06829826673380208,
                0.7511225264784616
            ],
            [
                0.1805972060259053,
                0.0683225486118612,
                0.7510802453677039
            ],
            [
                0.18062446715743552,
                0.0683129277962442,
                0.7510626050399581
            ],
            [
                0.1806016911820154,
                0.06832378661796742,
                0.751074522200017
            ],
            [
                0.1806001090918418,
                0.0683020135435097,
                0.751097877368241
            ],
            [
                0.1805629329236936,
                0.0683839069247327,
                0.7510531600571686
            ],
            [
                0.18056044034926444,
                0.06838886476319828,
                0.7510506948852437
            ],
            [
                0.18057110221057798,
                0.06834283922208365,
                0.7510860585592265
            ],
            [
                0.18055123078066515,
                0.06839452073130156,
                0.7510542484880336
            ],
            [
                0.18063023535746936,
                0.06831500647774924,
                0.7510547581038807
            ],
            [
                0.1806114442823346,
                0.0683022323317684,
                0.751086323385897
            ],
            [
                0.1805904133130073,
                0.06834500488470276,
                0.7510645817856522
            ],
            [
                0.18059443784523954,
                0.06830777894282578,
                0.7510977832119347
            ],
            [
                0.18056894408999305,
                0.0683163716033416,
                0.7511146843066654
            ],
            [
                0.1806083834744299,
                0.06832687237239704,
                0.7510647441531728
            ],
            [
                0.18057122594621924,
                0.06838038326362121,
                0.7510483907901596
            ],
            [
                0.180568244186461,
                0.06832478404907485,
                0.7511069717616617
            ],
            [
                0.18057613198903716,
                0.0683668014649237,
                0.7510570665196072
            ],
            [
                0.18056824953435813,
                0.0683272425484514,
                0.7511045079171903
            ],
            [
                0.1805627412151664,
                0.06829635080622981,
                0.7511409079027342
            ],
            [
                0.18055754617633762,
                0.068289454104013,
                0.7511529997196494
            ],
            [
                0.180548469255025,
                0.06830443164995875,
                0.7511470990950163
            ],
            [
                0.18057330216603892,
                0.06831464542374105,
                0.7511120523701666
            ],
            [
                0.18054568108689756,
                0.0683282503914841,
                0.7511260685216183
            ],
            [
                0.18055570764018303,
                0.06837151972416085,
                0.7510727726234814
            ],
            [
                0.18055917604448937,
                0.06836353953412672,
                0.7510772844213837
            ],
            [
                0.1805580885431825,
                0.06836657113620598,
                0.7510753403151423
            ],
            [
                0.18056181950650982,
                0.06837036559025113,
                0.7510678149036046
            ],
            [
                0.18056306347850085,
                0.06836891833787238,
                0.7510680181761001
            ],
            [
                0.18058238702104315,
                0.06832924144293837,
                0.751088371536018
            ],
            [
                0.18057991934824413,
                0.06832563471322672,
                0.751094445938529
            ],
            [
                0.1805859865975473,
                0.06833638491251037,
                0.7510776284780436
            ],
            [
                0.18056572217245104,
                0.068362437491544,
                0.7510718403225819
            ],
            [
                0.18057762175377978,
                0.06834217506610542,
                0.7510802031063099
            ],
            [
                0.18057051727933954,
                0.06834142302567005,
                0.7510880596949905
            ],
            [
                0.18056969058899028,
                0.06832152594637043,
                0.7511087833296446
            ],
            [
                0.18056133282325007,
                0.06832285566415026,
                0.7511158115125999
            ],
            [
                0.18056298269535068,
                0.06832288518754118,
                0.7511141321171082
            ],
            [
                0.18057642239474492,
                0.06833866570000462,
                0.7510849119052504
            ],
            [
                0.1805662351038469,
                0.06832000109722267,
                0.7511137637989305
            ],
            [
                0.18055084178242028,
                0.06833662990224772,
                0.7511125283104453
            ],
            [
                0.18057125238751756,
                0.06833039395809284,
                0.7510983536586704
            ],
            [
                0.18056073130631656,
                0.06831439389347926,
                0.7511248748002043
            ],
            [
                0.18057287650368933,
                0.06833398608661179,
                0.7510931374096984
            ],
            [
                0.18055541780454823,
                0.06833866966590688,
                0.7511059154098045
            ],
            [
                0.1805646122375154,
                0.06836635762152206,
                0.7510690301409629
            ],
            [
                0.18057554513240073,
                0.06835541472083222,
                0.7510690400883301
            ],
            [
                0.18056709734143364,
                0.06834214729040106,
                0.7510907553510957
            ],
            [
                0.18056328820909046,
                0.06834175479333829,
                0.7510949569285293
            ],
            [
                0.1805649637105328,
                0.06834099775604048,
                0.7510940386170784
            ],
            [
                0.18055535160779765,
                0.06830022996559985,
                0.7511444184266023
            ],
            [
                0.18056341382645577,
                0.06834238719382302,
                0.7510941989369462
            ],
            [
                0.1805738658735763,
                0.06833427509119264,
                0.7510918590352313
            ],
            [
                0.18056389983358545,
                0.06831958284436174,
                0.7511165173115107
            ],
            [
                0.1805573503270132,
                0.0682831068604092,
                0.7511595428125777
            ],
            [
                0.1805669822157535,
                0.06832516183672036,
                0.751107855947526
            ],
            [
                0.18055545436604023,
                0.06828214098078154,
                0.7511624046531789
            ],
            [
                0.18056304868594153,
                0.06830901757536115,
                0.7511279337386954
            ],
            [
                0.1805525605502406,
                0.06828191648552384,
                0.7511655229642356
            ],
            [
                0.1805645824886999,
                0.0683205227650865,
                0.7511148947695921
            ],
            [
                0.1805603232389603,
                0.06829736621891713,
                0.7511423105421228
            ],
            [
                0.18058532245146824,
                0.06834798045894155,
                0.7510666970851368
            ],
            [
                0.1805597346784985,
                0.06834025257534074,
                0.7511000127285695
            ],
            [
                0.18056224707359847,
                0.0683063475238171,
                0.7511314054025842
            ],
            [
                0.18056706112973614,
                0.0683236646496766,
                0.7511092742203668
            ],
            [
                0.18056309226032757,
                0.06829083701007586,
                0.751146070729597
            ],
            [
                0.18056617832910776,
                0.06832274670148833,
                0.7511110749359504
            ],
            [
                0.18057296671501363,
                0.06831989345360164,
                0.7511071398389094
            ],
            [
                0.18056031642773582,
                0.06829818291564117,
                0.7511415006566229
            ],
            [
                0.1805906947236777,
                0.06837977557384115,
                0.7510295297024813
            ],
            [
                0.18056400956284308,
                0.0683015062324909,
                0.7511344842046663
            ],
            [
                0.18056670197990246,
                0.06830652819582197,
                0.7511267698242756
            ],
            [
                0.1805957177042648,
                0.06840092449733325,
                0.7510033577984018
            ],
            [
                0.18055720057388866,
                0.06828332525818596,
                0.7511594741679254
            ],
            [
                0.18056058414864767,
                0.06830550585766683,
                0.7511339099936857
            ],
            [
                0.18055904451446392,
                0.06829410004198011,
                0.7511468554567806
            ],
            [
                0.18056381322944923,
                0.06832581069170111,
                0.751110376060446
            ],
            [
                0.18057468898909199,
                0.06835283137964483,
                0.7510724796312628
            ],
            [
                0.18055825950664595,
                0.06828831103581487,
                0.7511534294575394
            ],
            [
                0.1805889310515856,
                0.0683754171497151,
                0.7510356517986995
            ],
            [
                0.18056559914890308,
                0.0683196524240198,
                0.7511147484084596
            ],
            [
                0.1805612296415081,
                0.06830368940663528,
                0.7511350809518567
            ],
            [
                0.18056839164508118,
                0.06832500008888005,
                0.7511066083221645
            ],
            [
                0.1805696018610588,
                0.06834502513994765,
                0.7510853729989935
            ],
            [
                0.18054127295471914,
                0.06835032108962368,
                0.7511084059701975
            ],
            [
                0.1805684548038159,
                0.0683251351457561,
                0.7511064100504283
            ],
            [
                0.18055623544607535,
                0.06828098998391054,
                0.7511627745700137
            ],
            [
                0.18055753238609384,
                0.06828633053371766,
                0.7511561370801887
            ],
            [
                0.18059651413439404,
                0.06840167964763334,
                0.7510018062179717
            ],
            [
                0.18056480673012454,
                0.06831859690669784,
                0.7511165963631777
            ],
            [
                0.1805639142298154,
                0.06831142927411155,
                0.7511246564960733
            ],
            [
                0.18056498033164636,
                0.06831480850611181,
                0.7511202111363999
            ],
            [
                0.180561820541078,
                0.06831616551720354,
                0.7511220139417182
            ],
            [
                0.18056092017075454,
                0.06832527001623527,
                0.7511138098130102
            ],
            [
                0.1806231422172711,
                0.06846895245209537,
                0.750907905330633
            ],
            [
                0.18055808232640316,
                0.06830200488149926,
                0.7511399127920978
            ],
            [
                0.1805590171428116,
                0.06830208611138418,
                0.751138896745804
            ],
            [
                0.18056525949124555,
                0.06830206590672545,
                0.7511326745832253
            ],
            [
                0.1806102260673525,
                0.06844418426942794,
                0.7509455896632191
            ],
            [
                0.18059359531768995,
                0.06839653041682815,
                0.7510098742654812
            ],
            [
                0.18057705735039306,
                0.06835383000362044,
                0.7510691126459852
            ],
            [
                0.18059945566396915,
                0.0684123094526468,
                0.7509882348833835
            ],
            [
                0.18055545636040427,
                0.06828159696580825,
                0.7511629466737872
            ],
            [
                0.18056701836603092,
                0.06832376162237987,
                0.7511092199870083
            ],
            [
                0.18056808477340633,
                0.06832565868467651,
                0.7511062565789913
            ],
            [
                0.18058798001466486,
                0.06830664755115376,
                0.7511053722910551
            ],
            [
                0.1805942052120287,
                0.06838868378033507,
                0.7510171110076366
            ],
            [
                0.180554578194942,
                0.06828734200661248,
                0.7511580797984458
            ],
            [
                0.18056489819473115,
                0.06832129748243645,
                0.7511138043470984
            ],
            [
                0.1805945038788733,
                0.06839024750542999,
                0.7510152486156978
            ],
            [
                0.18058253670217173,
                0.0683314566985834,
                0.751086006599245
            ],
            [
                0.18056483811273208,
                0.0683214776705305,
                0.7511136847229252
            ],
            [
                0.18055331849448206,
                0.06826630860827848,
                0.7511803728972396
            ],
            [
                0.18055607752944983,
                0.06828436885904071,
                0.7511595536115094
            ],
            [
                0.18056468170488565,
                0.06831390155623768,
                0.7511214167131216
            ],
            [
                0.18059051561944817,
                0.06838294016011837,
                0.7510265442204339
            ],
            [
                0.18059037346464535,
                0.06838179705267898,
                0.7510278294826752
            ],
            [
                0.18059470266299094,
                0.06839882009685781,
                0.7510064772401498
            ],
            [
                0.18056580486156407,
                0.06830227963950991,
                0.7511319155381011
            ],
            [
                0.18058775056090134,
                0.06838241164020507,
                0.7510298377988937
            ],
            [
                0.1805593065324272,
                0.0683392562876674,
                0.7511014371128538
            ],
            [
                0.18057507318061577,
                0.06833869598977609,
                0.7510862308215454
            ],
            [
                0.18056854382420592,
                0.06831174790473692,
                0.7511197082439119
            ],
            [
                0.18056256868905193,
                0.06835004563225132,
                0.7510873856786965
            ],
            [
                0.18058374646926,
                0.06836469272800086,
                0.751051560802739
            ],
            [
                0.18056604038643512,
                0.06831801605878256,
                0.7511159435547818
            ],
            [
                0.18057341777423422,
                0.06833991667519528,
                0.7510866655505704
            ],
            [
                0.1805643643082815,
                0.06832079322948029,
                0.7511148424622383
            ],
            [
                0.18056668826551878,
                0.06830792451272866,
                0.7511253872217514
            ],
            [
                0.18058441522410176,
                0.06836604638332407,
                0.751049538392574
            ],
            [
                0.18058710650206697,
                0.06832240052567067,
                0.7510904929668076
            ],
            [
                0.18056481196291235,
                0.0683211285318563,
                0.7511140594978526
            ],
            [
                0.18055449010890498,
                0.06828537987997738,
                0.7511601300111175
            ],
            [
                0.1805854620283754,
                0.06832443685400116,
                0.7510901011403832
            ],
            [
                0.1805548176563419,
                0.06827900847422289,
                0.7511661738694357
            ],
            [
                0.1805646732314506,
                0.06832187469034737,
                0.751113452078202
            ],
            [
                0.18055647728690866,
                0.06828677264770251,
                0.7511567500653885
            ],
            [
                0.18056301471993194,
                0.06829126833523513,
                0.751145716944833
            ],
            [
                0.1806213455804127,
                0.06846837022838509,
                0.7509102841911999
            ],
            [
                0.18054664845807103,
                0.06830709081612112,
                0.7511462607258079
            ],
            [
                0.180564962658852,
                0.06831830531516249,
                0.7511167320047178
            ],
            [
                0.18057471087236415,
                0.06834347719275455,
                0.7510818119348808
            ],
            [
                0.1805637233595157,
                0.06829598802732502,
                0.7511402886131593
            ],
            [
                0.1805625308763473,
                0.06830067310698132,
                0.7511367960166713
            ],
            [
                0.1805601637960376,
                0.06830712081039356,
                0.7511327153935685
            ],
            [
                0.1805614641818576,
                0.06830053681126082,
                0.7511379990068816
            ],
            [
                0.18058598467856324,
                0.06837616945356711,
                0.7510378458678694
            ],
            [
                0.18059535909834853,
                0.06840105476270299,
                0.7510035861389478
            ],
            [
                0.18056170025086746,
                0.06829069609471787,
                0.7511476036544146
            ],
            [
                0.18059313031127605,
                0.06839349412263271,
                0.7510133755660905
            ],
            [
                0.180568077365858,
                0.06830995643795564,
                0.7511219661961864
            ],
            [
                0.18059410775726276,
                0.06841116754942593,
                0.7509947246933107
            ],
            [
                0.1805607123155066,
                0.06830494964726405,
                0.7511343380372293
            ],
            [
                0.18059463166172343,
                0.06839308013031002,
                0.7510122882079661
            ],
            [
                0.18056372203107443,
                0.06829634108348667,
                0.7511399368854389
            ],
            [
                0.18056461773308108,
                0.06830248148035019,
                0.7511329007865687
            ],
            [
                0.18059543723822194,
                0.0684008244195126,
                0.7510037383422652
            ],
            [
                0.1805648621363956,
                0.06832807051960685,
                0.751107067323313
            ],
            [
                0.18056022062994187,
                0.06831520142600932,
                0.7511245779248076
            ],
            [
                0.18056062774766107,
                0.06829333667406225,
                0.7511460353571792
            ],
            [
                0.18055858952237838,
                0.0683017872737666,
                0.7511396232038549
            ],
            [
                0.1805595185821537,
                0.06832453911835372,
                0.7511159422994929
            ],
            [
                0.18055765525772619,
                0.06834001508730742,
                0.7511023296549658
            ],
            [
                0.18055950525138778,
                0.0683386983056185,
                0.7511017964429931
            ],
            [
                0.18056560364715504,
                0.06834633068809937,
                0.7510880656621164
            ],
            [
                0.18055937219775114,
                0.06833879704638772,
                0.7511018307558606
            ],
            [
                0.18056500429617992,
                0.06835568394839908,
                0.7510793117437388
            ],
            [
                0.18057475603625975,
                0.06831718074238884,
                0.7511080632110553
            ],
            [
                0.1805714037167173,
                0.06834462340678554,
                0.7510839728764972
            ],
            [
                0.1805845487239055,
                0.06832511510563209,
                0.7510903361704622
            ],
            [
                0.18057271713191697,
                0.06832487968817771,
                0.7511024031625988
            ],
            [
                0.18056544555729506,
                0.06834485564063332,
                0.7510896988020715
            ],
            [
                0.18056466308825264,
                0.0683350356267843,
                0.751100301284963
            ],
            [
                0.18057417271665288,
                0.06832205314826137,
                0.7511037741350858
            ],
            [
                0.18057353785794372,
                0.0683227346326528,
                0.7511037275355832
            ],
            [
                0.18056911479262028,
                0.06832887082281991,
                0.7511020143845597
            ],
            [
                0.18057385366279474,
                0.06832228966836086,
                0.7511038566606001
            ],
            [
                0.1805738488407288,
                0.06832614391554875,
                0.7511000072249772
            ],
            [
                0.18057322562230232,
                0.06832286744119233,
                0.751103906941141
            ],
            [
                0.18057292634267555,
                0.06832279631547719,
                0.7511042773560183
            ],
            [
                0.18056563042474216,
                0.06833265341018735,
                0.7511017161650704
            ],
            [
                0.18057213756287527,
                0.06832578083234817,
                0.7511020816411942
            ],
            [
                0.18057274868633005,
                0.06833684636591311,
                0.7510904049477566
            ],
            [
                0.18059121082795643,
                0.0683204637985013,
                0.751088325373542
            ],
            [
                0.18058077716798293,
                0.06832594570369807,
                0.7510932771283185
            ],
            [
                0.18058734953947625,
                0.06833047501725438,
                0.7510821754432692
            ],
            [
                0.18056836256562236,
                0.06835212597934143,
                0.7510795114334434
            ],
            [
                0.18056883894259546,
                0.06835122474981832,
                0.7510799363160684
            ],
            [
                0.18058104890157387,
                0.0683386975487284,
                0.7510802535496975
            ],
            [
                0.18056738876368553,
                0.0683524230007312,
                0.7510801882159188
            ],
            [
                0.1805638169310499,
                0.06835581672517849,
                0.7510803663437715
            ],
            [
                0.18056747829549893,
                0.06830641054850384,
                0.7511261111424087
            ],
            [
                0.18057109682630773,
                0.06831003918542698,
                0.7511188639770274
            ],
            [
                0.18056857198240717,
                0.0683482170457231,
                0.7510832109622169
            ],
            [
                0.1805902691399085,
                0.06832348656040815,
                0.7510862442996831
            ],
            [
                0.18055763089997945,
                0.06834745309742184,
                0.7510949160025984
            ],
            [
                0.1805831993367967,
                0.06833717064303747,
                0.7510796300201656
            ],
            [
                0.1805906670552943,
                0.06832348191716557,
                0.7510858510275397
            ],
            [
                0.18058775137367394,
                0.06832439235705111,
                0.7510878562692745
            ],
            [
                0.180583905952791,
                0.06833495904983329,
                0.7510811349973756
            ],
            [
                0.18057650778458975,
                0.06833335113345747,
                0.7510901410846004
            ],
            [
                0.18058467539410364,
                0.06832626895451085,
                0.7510890556513852
            ],
            [
                0.180559209944114,
                0.06834354108945018,
                0.7510972489605008
            ],
            [
                0.18056381861081316,
                0.06833550730461398,
                0.7511006740843149
            ],
            [
                0.18056350109131433,
                0.06833600010898697,
                0.751100498793816
            ],
            [
                0.18057247881803268,
                0.0683255681979582,
                0.7511019529728943
            ],
            [
                0.18057364950937943,
                0.06832228752985084,
                0.7511040629607697
            ],
            [
                0.18057600116965,
                0.06832545123316443,
                0.7510985475971854
            ],
            [
                0.1805728750793093,
                0.06832299856859834,
                0.7511041263520922
            ],
            [
                0.18057353887315852,
                0.06832217960207217,
                0.7511042815247692
            ],
            [
                0.18056728210856282,
                0.06833025041833886,
                0.7511024674721133
            ],
            [
                0.18057028253515336,
                0.06832627985524097,
                0.751103437609606
            ],
            [
                0.1805607581948566,
                0.06834012319698281,
                0.7510991185850542
            ],
            [
                0.18056745106838715,
                0.06833016946193377,
                0.751102379469679
            ],
            [
                0.1805754631008541,
                0.06832508560117924,
                0.7510994512812362
            ],
            [
                0.18057326665412818,
                0.06832236601890025,
                0.7511043673281373
            ],
            [
                0.18057433343846133,
                0.06832457636576489,
                0.7511010902488946
            ],
            [
                0.18057551878645653,
                0.06832501147779599,
                0.7510994697187198
            ],
            [
                0.18057605535057442,
                0.06832551241878283,
                0.7510984322342947
            ],
            [
                0.18057320683130057,
                0.06832290008523971,
                0.7511038930663552
            ],
            [
                0.18057722728877368,
                0.06832725172422824,
                0.7510955210104697
            ],
            [
                0.18057626656903558,
                0.06833211752786013,
                0.751091615903104
            ],
            [
                0.18057528537603115,
                0.06833588899950666,
                0.7510888256244623
            ],
            [
                0.18057525612043462,
                0.06833588623808652,
                0.751088857641479
            ],
            [
                0.1805735011730675,
                0.06834180333755477,
                0.7510846954897407
            ],
            [
                0.18057188736611804,
                0.06834476695945718,
                0.7510833456959276
            ],
            [
                0.18057325351991468,
                0.06834288218172065,
                0.7510838642983648
            ],
            [
                0.1805737722874928,
                0.06834159030332101,
                0.7510846374091861
            ],
            [
                0.18057407551141166,
                0.06833994633407099,
                0.7510859781545175
            ],
            [
                0.18057394302654362,
                0.0683409657707375,
                0.7510850912027188
            ],
            [
                0.18057478893006346,
                0.06833807981719375,
                0.7510871312553192
            ],
            [
                0.18057310486064476,
                0.0683439382471955,
                0.75108295689216
            ],
            [
                0.180572381885933,
                0.0683450292017731,
                0.7510825889213055
            ],
            [
                0.18057198726900112,
                0.06834524295885429,
                0.7510827697717216
            ],
            [
                0.18054474298793402,
                0.0683678508537186,
                0.7510874061583477
            ],
            [
                0.1805445997295301,
                0.06836766191810609,
                0.7510877383523636
            ],
            [
                0.18056808437297228,
                0.06835119345827101,
                0.7510807221687564
            ],
            [
                0.18054457038404065,
                0.06836789628585933,
                0.7510875333301003
            ],
            [
                0.18055362598732327,
                0.06837143312995636,
                0.7510749408973677
            ],
            [
                0.1805319965799202,
                0.0683879582095895,
                0.75108004521049
            ],
            [
                0.18054268136006119,
                0.06837054873928436,
                0.7510867699006543
            ],
            [
                0.1805430466818137,
                0.0683686652597971,
                0.7510882880583895
            ],
            [
                0.18054406806206288,
                0.06836680415921553,
                0.7510891277787217
            ],
            [
                0.18056761643617286,
                0.06835026933624652,
                0.7510821142703213
            ],
            [
                0.18057032762742678,
                0.06834634971997212,
                0.7510833225657216
            ],
            [
                0.18057167404813834,
                0.06834446140478774,
                0.7510838645413693
            ],
            [
                0.18056898965899415,
                0.06834829060185563,
                0.7510827197380089
            ],
            [
                0.18057250637104413,
                0.06834371077286601,
                0.7510837828678832
            ],
            [
                0.18057219257222387,
                0.06834401966642023,
                0.7510837877653819
            ],
            [
                0.18057296947219437,
                0.0683436505442017,
                0.7510833799675863
            ],
            [
                0.18057326727113665,
                0.06834280843539833,
                0.751083924277026
            ],
            [
                0.18057306284720132,
                0.06834318956246081,
                0.7510837475870338
            ],
            [
                0.1805743182757247,
                0.06833865685748043,
                0.7510870248684685
            ],
            [
                0.18057312656524482,
                0.06834265797661719,
                0.7510842154588802
            ],
            [
                0.18057288929662274,
                0.0683427411163325,
                0.7510843695713544
            ],
            [
                0.18057366252257717,
                0.06833993385453638,
                0.7510864036222771
            ],
            [
                0.18057340133419778,
                0.06834124652637255,
                0.751085352123082
            ],
            [
                0.1805740799459538,
                0.06833830396028795,
                0.7510876161106217
            ],
            [
                0.180573580996162,
                0.06833987858542918,
                0.7510865404184088
            ],
            [
                0.18057398604222533,
                0.06833886106980683,
                0.7510871528975519
            ],
            [
                0.1805732535331272,
                0.06834099138463572,
                0.7510857550834292
            ],
            [
                0.1805735721897781,
                0.06834004818691039,
                0.7510863796233116
            ],
            [
                0.18057330364948662,
                0.06834184183786807,
                0.7510848544963478
            ],
            [
                0.18057346073671418,
                0.06834164931009604,
                0.7510848899662982
            ],
            [
                0.1805737762030074,
                0.06834098022536174,
                0.7510852435716309
            ],
            [
                0.18057161876195107,
                0.06834533331548036,
