[
    {
        "T": 1281,
        "best_arm": 3,
        "w_s": [
            [
                0.020480304473506808,
                0.014090329513992292,
                0.41027529164837095,
                0.37677288523484354,
                0.018061984707709127,
                0.012013692286144496,
                0.09406433781117178,
                0.04206151058812259,
                0.012179663736171875
            ],
            [
                0.020149779690529567,
                0.013260666988954152,
                0.38263481303173447,
                0.38067623297423353,
                0.018136897837281594,
                0.011417814989554836,
                0.1195659852144984,
                0.04259558172183123,
                0.011562227537481028
            ],
            [
                0.019945048510386785,
                0.013738580587316326,
                0.40122044081722535,
                0.378584871000716,
                0.01820870357747653,
                0.01227199012696018,
                0.1043894350620189,
                0.039284569270487,
                0.0123563610474132
            ],
            [
                0.01981725154269959,
                0.013948630827009964,
                0.39008388627614554,
                0.38027017109536704,
                0.017736333560222445,
                0.01186723642156453,
                0.11438302174271424,
                0.039814423176783166,
                0.012079045357493632
            ],
            [
                0.01974776140677922,
                0.013879203862270024,
                0.40037575765159866,
                0.3786710153240037,
                0.018069737533408996,
                0.012279308208626626,
                0.10516302820748609,
                0.039413239284727224,
                0.012400948521099589
            ],
            [
                0.019741925936646077,
                0.013831451392445793,
                0.39733320718275983,
                0.3791010329452441,
                0.01800787267717972,
                0.01218420803885522,
                0.10787394316251082,
                0.03959796537844244,
                0.012328393285916214
            ],
            [
                0.0198391042189468,
                0.01401757224702276,
                0.403706771773607,
                0.3783402647042407,
                0.018090197294378975,
                0.01234215042567977,
                0.10232094941180334,
                0.038863758970107104,
                0.012479230954213815
            ],
            [
                0.019754834240740905,
                0.013783701738432807,
                0.3925939964178448,
                0.3798079381944964,
                0.017952286212117554,
                0.012080668668978558,
                0.11224450993163917,
                0.039573372842106366,
                0.01220869175364342
            ],
            [
                0.019770442214927967,
                0.013991673881023578,
                0.401663163937159,
                0.37860809542722,
                0.01805518830165515,
                0.012332841475121344,
                0.1041984634904545,
                0.03890838287221542,
                0.012471748400223168
            ],
            [
                0.019789773578935625,
                0.0139770413867826,
                0.399613950518066,
                0.37890145375044276,
                0.017999249870068505,
                0.01225558569494494,
                0.10609620615365634,
                0.038961012305566214,
                0.01240572672944541
            ],
            [
                0.01991633726583245,
                0.01377144242129118,
                0.4053066380132096,
                0.3779244630993915,
                0.018332617390423783,
                0.012443269363123139,
                0.1005350750089113,
                0.039275890538104326,
                0.012494266899712766
            ],
            [
                0.019721474891805223,
                0.013838536801868147,
                0.39503148581171244,
                0.3795299645645195,
                0.01795845989352616,
                0.012187939354621086,
                0.11022437896378086,
                0.039199639385461865,
                0.01230812033270467
            ],
            [
                0.019831618224938136,
                0.013938124463953342,
                0.4010837884994833,
                0.378623923390605,
                0.01807580355635927,
                0.012274577778960618,
                0.10455885698679053,
                0.03921018035044072,
                0.012403126748469618
            ],
            [
                0.019764967198069555,
                0.013909268926523197,
                0.3980172250538779,
                0.379116932816267,
                0.01799235666841969,
                0.012248734290331492,
                0.10747021859777159,
                0.03910235747481542,
                0.012377938973923825
            ],
            [
                0.01968603347324496,
                0.013667017803843216,
                0.3885527421237151,
                0.3803229651455598,
                0.01788703481416559,
                0.01194881047411722,
                0.11578901215531431,
                0.04006001632404408,
                0.012086367685996026
            ],
            [
                0.019715703736893728,
                0.013778032598439271,
                0.3989344623952396,
                0.3788368331112639,
                0.018074793583457927,
                0.012216871815312173,
                0.10625632102596594,
                0.03985682960513858,
                0.01233015212828876
            ],
            [
                0.01979432416796252,
                0.014049780643110946,
                0.4041536273578476,
                0.3781522294756861,
                0.01814642203058295,
                0.012403944810301364,
                0.10179592478275443,
                0.03896411086951298,
                0.012539635862241163
            ],
            [
                0.019862349408229077,
                0.014038018126438484,
                0.4013936228774353,
                0.3786034566190958,
                0.018071008123106906,
                0.012240665258279677,
                0.10423955753603793,
                0.03914514778203425,
                0.012406174269342556
            ],
            [
                0.01973964252107707,
                0.013807729409977855,
                0.39864622861628213,
                0.3788826407857727,
                0.018063514140621035,
                0.012206660097235327,
                0.10658572324523762,
                0.03973933813861694,
                0.012328523045179377
            ],
            [
                0.019820752151912365,
                0.013880716607021625,
                0.3981845389542035,
                0.3789985974220022,
                0.018053910366966314,
                0.01216955415583968,
                0.10705010669263336,
                0.03952966449458571,
                0.012312159153415984
            ],
            [
                0.01985170640062944,
                0.01404350931516826,
                0.3997549447170897,
                0.3788854167685944,
                0.01802570770988077,
                0.012203700497061931,
                0.10583922279708977,
                0.03901987916440337,
                0.012375912624436287
            ],
            [
                0.01977118593208171,
                0.01410655477172022,
                0.4019259955334806,
                0.37865265792505265,
                0.018005203383114163,
                0.012303545148456671,
                0.10410309542819987,
                0.03865827177891507,
                0.012473490098979585
            ],
            [
                0.019882301460467346,
                0.01401048605043364,
                0.3983265264072237,
                0.37905546473507473,
                0.01801006869958869,
                0.012128539333295467,
                0.10702815656545876,
                0.03925286323364429,
                0.012305593514813348
            ],
            [
                0.019868205007432,
                0.014082881799861353,
                0.3991617875166211,
                0.37897519289910264,
                0.01798741798870711,
                0.012153622056454018,
                0.10632215465190671,
                0.0391077361046505,
                0.012341001974919448
            ],
            [
                0.019864314999487542,
                0.01400004295698685,
                0.3970818482093246,
                0.3792479746338838,
                0.017974512814823044,
                0.012094346007081449,
                0.10819047554630265,
                0.03927181788595286,
                0.012274666950295946
            ],
            [
                0.019837618394413486,
                0.013890333832168282,
                0.39452194416969993,
                0.37955295139590817,
                0.017960885030965747,
                0.012043635679661258,
                0.11042721483263034,
                0.039555160710253535,
                0.012210255954300519
            ],
            [
                0.019831018941219403,
                0.013947343539416596,
                0.39550421485072507,
                0.37952022418547465,
                0.017942009691444157,
                0.012076321260099077,
                0.10972080017482215,
                0.03920899061532315,
                0.012249076741475027
            ],
            [
                0.019863257141974254,
                0.014060129538958698,
                0.40034028759008333,
                0.3788100592096235,
                0.018004706418165293,
                0.0121944229262217,
                0.10523017684394688,
                0.03912361514123266,
                0.012373345219270837
            ],
            [
                0.01987975846742028,
                0.0140529923635809,
                0.4008404055542266,
                0.37869777285172046,
                0.018046270766963083,
                0.012200033859885166,
                0.104733754521649,
                0.03917360201044354,
                0.012375409604110961
            ],
            [
                0.01987485484769686,
                0.014044440754438762,
                0.40084861427974966,
                0.3786922981407365,
                0.018049876542803295,
                0.012204171857441687,
                0.10472549356218724,
                0.03918307527845945,
                0.012377174735655428
            ],
            [
                0.019855833624180468,
                0.01399510779580439,
                0.3990355819304662,
                0.3789213516110083,
                0.0180245572996316,
                0.012167990713450715,
                0.10636753050229175,
                0.039293866883604596,
                0.012338179639562172
            ],
            [
                0.01987556230957042,
                0.014055047551689258,
                0.4009958635911468,
                0.3786965329506559,
                0.018050439528770612,
                0.012230009038631442,
                0.1046658114673457,
                0.03903034366979724,
                0.012400389886870287
            ],
            [
                0.019782322951677398,
                0.0139267161136432,
                0.4015172163884651,
                0.37847263007972026,
                0.018093444014613456,
                0.012272118268053854,
                0.10399774363329077,
                0.039528772568564095,
                0.012409035981971779
            ],
            [
                0.019823579795668712,
                0.014018311564466214,
                0.40209417859379853,
                0.37857437582862025,
                0.01806368278649751,
                0.012259565500296582,
                0.10370383445554585,
                0.03904451117974987,
                0.0124179602424467
            ],
            [
                0.019784813914854652,
                0.013858534777854302,
                0.3997450315482088,
                0.37875580711026685,
                0.01808212608463488,
                0.012211619578519526,
                0.10555437755872105,
                0.03966502858977005,
                0.012342660837169242
            ],
            [
                0.019722942955316836,
                0.013913995437845357,
                0.4001684640800835,
                0.37875828105059267,
                0.01805118187470751,
                0.012271803601574566,
                0.10539296406600203,
                0.039316819477068034,
                0.012403547456809789
            ],
            [
                0.019805626012955116,
                0.014077396979286803,
                0.40427318836997844,
                0.3781881569765842,
                0.018133890034554054,
                0.01240096216976403,
                0.10177136375865085,
                0.03880501150886804,
                0.012544404189358382
            ],
            [
                0.01970677505123376,
                0.013752000604961895,
                0.3985736237153381,
                0.37871291477239694,
                0.018117513956068438,
                0.012233905857506907,
                0.1064607238081769,
                0.040106213536758806,
                0.012336328697558081
            ],
            [
                0.019784006134525307,
                0.01399788960003113,
                0.40204464808691226,
                0.378463690837236,
                0.018107268850146525,
                0.0123328291263466,
                0.10367565715561478,
                0.03912435715500686,
                0.012469653054180435
            ],
            [
                0.019784308738055117,
                0.013922984030806974,
                0.39776998219985416,
                0.379093024648812,
                0.018033409783454402,
                0.012198020425191764,
                0.10751879047922028,
                0.039337689479876065,
                0.012341790248624624
            ],
            [
                0.019775440713847937,
                0.013738514415529717,
                0.39095640821033223,
                0.3799714882101278,
                0.017948401543416734,
                0.011977796252826467,
                0.11349002440425135,
                0.04001863548809227,
                0.012123290754018553
            ],
            [
                0.019681025815539824,
                0.013635392312223688,
                0.38739291923108027,
                0.3804433591319732,
                0.01786045955862522,
                0.011892329789330946,
                0.11665150938238494,
                0.04040876233669689,
                0.012034242442145173
            ],
            [
                0.019739639765508302,
                0.013651153084620296,
                0.3873309665549116,
                0.38048748224935297,
                0.01788028458345274,
                0.011874006005311815,
                0.11675882052862684,
                0.040256485265833905,
                0.012021161962381564
            ],
            [
                0.019716701810455557,
                0.013841996979450115,
                0.4002399513581357,
                0.3787121713899418,
                0.018079227609100364,
                0.012251275842075705,
                0.1051900525497159,
                0.03959881417061745,
                0.01236980829050724
            ],
            [
                0.019788878086441315,
                0.013988475178772643,
                0.40179935666640876,
                0.3784969835460446,
                0.018112294310717363,
                0.012327307504178318,
                0.10388754862888769,
                0.03913544387252673,
                0.01246371220602261
            ],
            [
                0.01976850952716135,
                0.013855166541541997,
                0.40052241636436153,
                0.37859013613577636,
                0.018108081823003074,
                0.01225499720730892,
                0.10479760799084036,
                0.03972518594609719,
                0.01237789845826391
            ],
            [
                0.01971842224736813,
                0.013797278823048768,
                0.40060739280473134,
                0.3785425805995962,
                0.01811987663250661,
                0.012266092576193892,
                0.10465745938326032,
                0.03991693169002994,
                0.012373965244384416
            ],
            [
                0.019769441562189852,
                0.013698502512959041,
                0.389266214122387,
                0.3802157881623822,
                0.01793216005705,
                0.011943198314356128,
                0.11500329878503296,
                0.04008514747257698,
                0.012086249011065968
            ],
            [
                0.01968803577342561,
                0.013760433498497534,
                0.3998310921752837,
                0.37864222993238794,
                0.018103110181649663,
                0.012244389097479604,
                0.10540980984497912,
                0.03997285409848094,
                0.012348045397815794
            ],
            [
                0.019719753505631262,
                0.013797432330304938,
                0.3996234116259588,
                0.37859068562639425,
                0.01812534042423549,
                0.012264227902011204,
                0.10557161031578227,
                0.03993686836283063,
                0.01237066990685103
            ],
            [
                0.01970769852952816,
                0.013737212524376263,
                0.3989188631403629,
                0.3787252533606226,
                0.0181070653260237,
                0.012219156026995854,
                0.10610508424173268,
                0.04015742379051536,
                0.01232224305984244
            ],
            [
                0.01979037085484512,
                0.013915204542118883,
                0.39858682357806813,
                0.3789601670447822,
                0.01806243915858646,
                0.012219264618974785,
                0.10674588743556297,
                0.03936102349448873,
                0.012358819155522557
            ],
            [
                0.019797337970032924,
                0.0140654959504683,
                0.40334086587446677,
                0.378352981129212,
                0.018088781888298298,
                0.012355439567425486,
                0.10263172057613967,
                0.038862782353212486,
                0.012504594707791897
            ],
            [
                0.019789682275228645,
                0.014005617467300368,
                0.4024764142369707,
                0.37840772603557266,
                0.018119504248262225,
                0.012347043962274195,
                0.10330660145873165,
                0.039063578262444366,
                0.012483832109972207
            ],
            [
                0.019797417519122004,
                0.014052247208792558,
                0.40352947387366356,
                0.3783452654283831,
                0.018085141200374886,
                0.01233926248974847,
                0.10247888719650883,
                0.03888297878411554,
                0.012489326299290891
            ],
            [
                0.019818070210526173,
                0.014106210419329577,
                0.4046663799853376,
                0.3781674939035952,
                0.018108426586232882,
                0.01239041822615939,
                0.10147730575909085,
                0.03872541424750519,
                0.012540280676070508
            ],
            [
                0.019855636515100552,
                0.014064631174754875,
                0.4015426624602882,
                0.37866347400527833,
                0.01805053260893596,
                0.012265686460714843,
                0.10427992734683934,
                0.038847782304051545,
                0.012429667124036469
            ],
            [
                0.019851456463043666,
                0.014047105274260839,
                0.40112922784505317,
                0.3787143994593773,
                0.01804707357322347,
                0.012252161499934123,
                0.10463418095774059,
                0.038909609818019705,
                0.01241478510934722
            ],
            [
                0.019850543638326404,
                0.014047671577952323,
                0.4012621407397073,
                0.37872234917188247,
                0.018038466879062416,
                0.012241494350305176,
                0.10452316474873773,
                0.038907032314677986,
                0.012407136518409684
            ],
            [
                0.01987242823982375,
                0.014121070084474751,
                0.4029753782435291,
                0.3784962352961621,
                0.018062693159327226,
                0.012304090223333538,
                0.10297014807203615,
                0.03872399682926786,
                0.012473959852045746
            ],
            [
                0.019862365500512735,
                0.014161373790898706,
                0.4048042291528987,
                0.3782695924840169,
                0.018074111841165582,
                0.01235997666401621,
                0.10144601612791003,
                0.03849465386226196,
                0.012527680576319287
            ],
            [
                0.01986561301603643,
                0.014046149426877503,
                0.400485361639743,
                0.37882762603868897,
                0.018039172031125438,
                0.012232703975696271,
                0.10520879168178289,
                0.038897834474640014,
                0.012396747754161221
            ],
            [
                0.019868889360084983,
                0.014110199655236917,
                0.4009123304957175,
                0.3788002298185677,
                0.01801482413911803,
                0.012250974103147499,
                0.10489845389537056,
                0.03871770932302201,
                0.01242638921731676
            ],
            [
                0.019869876509252177,
                0.014109626216351813,
                0.4009231109870406,
                0.378796219133476,
                0.018013907482975718,
                0.012247698652924391,
                0.10487906397101648,
                0.038736605740462476,
                0.012423891332726858
            ],
            [
                0.019864995800190046,
                0.014105789641612767,
                0.4011068943399616,
                0.3787792975898743,
                0.018030176061217075,
                0.01227037047550251,
                0.10471289902043861,
                0.03868911319914663,
                0.012440463872056537
            ],
            [
                0.019844596558366533,
                0.014083502451794105,
                0.4003189368911484,
                0.37888828944209124,
                0.018018005804764526,
                0.01226081543137615,
                0.10545027939706159,
                0.038708855117731575,
                0.012426718904894375
            ],
            [
                0.019865391978914997,
                0.014110619489530232,
                0.4011425889519903,
                0.37877801157010127,
                0.018026280640578943,
                0.012269060009309649,
                0.10469076295617341,
                0.038676646167247836,
                0.012440638242096813
            ],
            [
                0.01985789093842943,
                0.014052596979963597,
                0.40027789402641034,
                0.3788641398450214,
                0.01803324930078548,
                0.01224030292518744,
                0.10542942979298271,
                0.03884074812954235,
                0.012403748043609589
            ],
            [
                0.019859531993488635,
                0.014092139931579607,
                0.4022785652945524,
                0.3785583563261829,
                0.01806142155997228,
                0.012296034571815122,
                0.10364211907185593,
                0.03875166364283882,
                0.012460167625391975
            ],
            [
                0.019857015293356022,
                0.014072321651574292,
                0.4017641181175733,
                0.3786257250850579,
                0.018055247671077957,
                0.012275483550117433,
                0.1040807178252602,
                0.03883010221617315,
                0.01243926858356897
            ],
            [
                0.019859509316568342,
                0.014113801037792808,
                0.4029751499277631,
                0.3784614921286097,
                0.01807157410120029,
                0.01232481205812136,
                0.10303974517332612,
                0.038665931260341686,
                0.012487985006231389
            ],
            [
                0.019863750941340526,
                0.014015032135030948,
                0.3998706904104039,
                0.37886585221551367,
                0.018041288659467043,
                0.012212407566418464,
                0.10572845401444493,
                0.039028874711843325,
                0.0123736493405795
            ],
            [
                0.019868046480673335,
                0.014101318439751338,
                0.4013219091378601,
                0.3787410269801696,
                0.018040361603588663,
                0.012274926835514567,
                0.10449808774818095,
                0.03871113703609737,
                0.012443185725027055
            ],
            [
                0.01986734348311163,
                0.01411252826821676,
                0.40114456861645464,
                0.3787737173830153,
                0.018020287257051956,
                0.012260703887340274,
                0.10469218088151715,
                0.03869388788772716,
                0.012434782340443064
            ],
            [
                0.019872626267134756,
                0.014115116455647832,
                0.401593897339781,
                0.3786957808253293,
                0.01802841546102014,
                0.012263524445677573,
                0.10425030115388136,
                0.03874168620885275,
                0.012438651837372826
            ],
            [
                0.01987659099430575,
                0.014116503104112155,
                0.40175337112063686,
                0.37867275968199465,
                0.0180427467225234,
                0.012278410446482473,
                0.10408998687459643,
                0.038719318404300554,
                0.012450312648050495
            ],
            [
                0.019882630080471676,
                0.01411807032683122,
                0.4023138185822813,
                0.3785659624432368,
                0.018051674333177413,
                0.012278598054860548,
                0.10353058944803363,
                0.03880624508904217,
                0.012452411642065042
            ],
            [
                0.019864903351669124,
                0.014110429028100578,
                0.40109925038587146,
                0.37878427759572914,
                0.018024329495655553,
                0.012267211549589667,
                0.10473329417072624,
                0.0386771942931241,
                0.012439110154202834
            ],
            [
                0.019857911496276855,
                0.01410106572167669,
                0.4008360134327667,
                0.37882159309478874,
                0.01802338300256802,
                0.012266837947181452,
                0.10497523975177389,
                0.03868173683180995,
                0.012436218745006642
            ],
            [
                0.019860919842121433,
                0.014150961863955092,
                0.40122696133073776,
                0.37879410449975126,
                0.017997928693141138,
                0.012273082558456666,
                0.10475938943636912,
                0.0384848572236341,
                0.01245179455183339
            ],
            [
                0.019864240430787227,
                0.014104636681750661,
                0.4006600532062773,
                0.37886817724971694,
                0.018016004378239844,
                0.0122546396805878,
                0.10510644899305992,
                0.03869897260291399,
                0.012426826776666728
            ],
            [
                0.01985102492511516,
                0.014140592946886079,
                0.400882820107762,
                0.3788525325600086,
                0.01799385893000042,
                0.012270603618468766,
                0.10512534416345912,
                0.038436448667837096,
                0.012446774080462948
            ],
            [
                0.01984336567805121,
                0.014132789738764306,
                0.4008577988236815,
                0.37885113657598457,
                0.0179942756149398,
                0.012272521025442396,
                0.10514191184745733,
                0.038459659098831075,
                0.012446541596847908
            ],
            [
                0.019818023163553935,
                0.014069286507578372,
                0.397811747971843,
                0.3792777134308754,
                0.017952424175113033,
                0.01220298750297799,
                0.10793035912006584,
                0.038561344014213794,
                0.012376114113778553
            ],
            [
                0.019855652133721258,
                0.014095328241489614,
                0.39923950104735606,
                0.37905124292902387,
                0.017987366691930903,
                0.012224834803912107,
                0.10653618671989115,
                0.03861037840675617,
                0.012399509024818386
            ],
            [
                0.019815001444525027,
                0.014066667750783092,
                0.397839530776967,
                0.3792797125728537,
                0.017951684605331728,
                0.012202799880547342,
                0.10791867431539628,
                0.038550584430440085,
                0.012375344223155676
            ],
            [
                0.019820208933710913,
                0.014034238710827266,
                0.3972284148685392,
                0.37931865676568743,
                0.017973749798771806,
                0.012194645372327841,
                0.10840087288530761,
                0.03866884653932874,
                0.012360366125499343
            ],
            [
                0.01984544175016038,
                0.014099398865304787,
                0.3998868584842443,
                0.37897672126825976,
                0.0179914344366876,
                0.012241822753071634,
                0.10599378189675282,
                0.03855055365657558,
                0.012413986888943027
            ],
            [
                0.019825198606879164,
                0.014046782838881836,
                0.3971755240171664,
                0.37932412082413125,
                0.01795744445154611,
                0.012184905227373114,
                0.10840913254325757,
                0.038720412463898325,
                0.012356479026866261
            ],
            [
                0.019831464697818196,
                0.014030290304931935,
                0.3965281638969003,
                0.37941267767074843,
                0.017944737632648564,
                0.01215269602374604,
                0.108958792297528,
                0.03881367920878333,
                0.012327498266894967
            ],
            [
                0.019823838662629607,
                0.014055768149519973,
                0.3975947374204532,
                0.3792946361649329,
                0.01796995462462241,
                0.012205284030384995,
                0.10812576220506408,
                0.0385559581780281,
                0.012374060564364747
            ],
            [
                0.019822209811497127,
                0.014040112382589424,
                0.39731744714151246,
                0.37931179054972713,
                0.01797375904028311,
                0.01219792352456737,
                0.10833508384560019,
                0.03863729610699135,
                0.012364377597231887
            ],
            [
                0.019819989973216295,
                0.014035732843950011,
                0.397254724488012,
                0.3793134493419185,
                0.01797397640308375,
                0.01219610361695082,
                0.10837581521331491,
                0.03866835388600656,
                0.012361854233547217
            ],
            [
                0.01981999317441727,
                0.013992429763490629,
                0.39638246308156455,
                0.3794267200086653,
                0.017972249240077433,
                0.012160716129688795,
                0.10908690843798512,
                0.038834792425593505,
                0.012323727708619711
            ],
            [
                0.019809943499461077,
                0.013929124989049371,
                0.39429446280188485,
                0.37967071984227413,
                0.01795953566899031,
                0.012104451825104922,
                0.11088268343638986,
                0.03908488555682205,
                0.012264192380023527
            ],
            [
                0.019819499199871957,
                0.013916835048958081,
                0.39455767743933007,
                0.3796194424703861,
                0.01796924940764679,
                0.012098361308143523,
                0.1106174628063591,
                0.03914486694893011,
                0.012256605370374343
            ],
            [
                0.019820036661096076,
                0.01396313392649325,
                0.39566013460077437,
                0.3794859224939774,
                0.01797270815291686,
                0.01213719834361719,
                0.10967991787107861,
                0.03898285169106706,
                0.01229809625897917
            ],
            [
                0.019820357614350678,
                0.013918646340998438,
                0.39457761654293433,
                0.3796186432435234,
                0.017970114392022195,
                0.012100571174297907,
                0.11060883656048578,
                0.0391263881206596,
                0.01225882599671478
            ],
            [
                0.019827237312934787,
                0.013942128420031478,
                0.39517129267814943,
                0.37955291480305436,
                0.017973663570451357,
                0.012117888998461406,
                0.11009544078597396,
                0.03904135739509667,
                0.012278076032884843
            ],
            [
                0.019824529422695213,
                0.01405804422003493,
                0.3975130035770322,
                0.3793214274650688,
                0.017961079754273846,
                0.012197352684772716,
                0.10818316320407433,
                0.03857277014276136,
                0.012368629529286324
            ],
            [
                0.01983174073558411,
                0.013932617572527237,
                0.39477882594322766,
                0.3795902390962708,
                0.01797732118989648,
                0.012110935429607837,
                0.11042869947957286,
                0.03907928754682089,
                0.01227033300649199
            ],
            [
                0.019823667326986948,
                0.013927048003541699,
                0.3947264586955151,
                0.379596540450058,
                0.01797365585579525,
                0.012108483259522665,
                0.11048397427206044,
                0.03909313188417382,
                0.01226704024694796
            ],
            [
                0.019817662437250468,
                0.013915089407657632,
                0.39407979857118114,
                0.3796874681172312,
                0.017965296602570083,
                0.01209502128576731,
                0.11104308357969764,
                0.03914301113863471,
                0.012253568856234421
            ],
            [
                0.019809298868279014,
                0.013929271124812084,
                0.39425582166916895,
                0.3796770094783673,
                0.017958688828654718,
                0.012104339863394896,
                0.1109211895552626,
                0.03908022836043271,
                0.012264152251627712
            ],
            [
                0.01979925936217861,
                0.013934189550220166,
                0.39416278528530685,
                0.37970915346600725,
                0.01794632017712996,
                0.012101124947266596,
                0.11102744256277415,
                0.039057092954770015,
                0.012262631694346578
            ],
            [
                0.01979437205583082,
                0.013943644108785931,
                0.3944577837982976,
                0.3796827693366917,
                0.017941444675652108,
                0.012105455104187944,
                0.11078062750301072,
                0.039025747319486194,
                0.01226815609805719
            ],
            [
                0.019792440513900264,
                0.013929084493321748,
                0.39419406852482536,
                0.37974610462263814,
                0.01793930725682018,
                0.012095094732445886,
                0.11099666353971119,
                0.039050430888099466,
                0.01225680542823785
            ],
            [
                0.019792463248657046,
                0.013943058249018378,
                0.3942166935943322,
                0.37972926835278187,
                0.017933572406085597,
                0.012096121888391662,
                0.11097712514860823,
                0.0390512754957406,
                0.012260421616384486
            ],
            [
                0.019789625369663146,
                0.013948432084888768,
                0.3943760537673224,
                0.3797165863069627,
                0.017928928153036136,
                0.012096360634118621,
                0.11084435899268662,
                0.0390378879929446,
                0.012261766698377202
            ],
            [
                0.019795509590040637,
                0.013954046574685488,
                0.3942862325353494,
                0.37970724626488583,
                0.017935631732935765,
                0.01210305868835762,
                0.11091983733748975,
                0.03903017111373303,
