[
    {
        "T": 6337,
        "best_arm": 3,
        "w_s": [
            [
                0.03965588277305884,
                0.03965588277305884,
                0.03965588277305884,
                0.31593602216473504,
                0.30733309149120613,
                0.1387955897057059,
                0.02974191207979413,
                0.02974191207979413,
                0.059483824159588264
            ],
            [
                0.049544346746787676,
                0.049544346746787676,
                0.03963547739743014,
                0.3460146229424026,
                0.1684507789390781,
                0.22790399503522335,
                0.029726608048072603,
                0.029726608048072603,
                0.05945321609614521
            ],
            [
                0.05962090696305234,
                0.05962090696305234,
                0.03974727130870156,
                0.3342332055792489,
                0.18879953871633243,
                0.17886272088915703,
                0.029810453481526167,
                0.03974727130870156,
                0.06955772479022773
            ],
            [
                0.04965088066050831,
                0.04965088066050831,
                0.03972070452840665,
                0.32474802301708705,
                0.2681147555667449,
                0.13902246584942324,
                0.029790528396304982,
                0.03972070452840665,
                0.05958105679260997
            ],
            [
                0.05943611964303634,
                0.05943611964303634,
                0.049530099702530285,
                0.3065786041645759,
                0.18821437886961512,
                0.18821437886961512,
                0.03962407976202423,
                0.03962407976202423,
                0.0693421395835424
            ],
            [
                0.049562408388282644,
                0.049562408388282644,
                0.049562408388282644,
                0.31603876424169947,
                0.16851218852016098,
                0.21807459690844366,
                0.03964992671062611,
                0.03964992671062611,
                0.0693873717435957
            ],
            [
                0.04955576349059947,
                0.04955576349059947,
                0.04955576349059947,
                0.3260416165278472,
                0.17840074856615812,
                0.19822305396239792,
                0.03964461079247958,
                0.03964461079247958,
                0.06937806888683927
            ],
            [
                0.04966958246804814,
                0.04966958246804814,
                0.07947133194887702,
                0.31455976194093554,
                0.1788104968849733,
                0.1788104968849733,
                0.03973566597443851,
                0.03973566597443851,
                0.0695374154552674
            ],
            [
                0.03961377953121178,
                0.03961377953121178,
                0.11884133859363531,
                0.31666230308659676,
                0.16835856300765006,
                0.16835856300765006,
                0.02971033464840883,
                0.03961377953121178,
                0.07922755906242356
            ],
            [
                0.049603386832086774,
                0.049603386832086774,
                0.1289688057634256,
                0.3055525843507852,
                0.15873083786267767,
                0.16865151522909502,
                0.029762032099252062,
                0.039682709465669416,
                0.06944474156492149
            ],
            [
                0.06933759976034716,
                0.04952685697167654,
                0.12876982812635898,
                0.3066240023965285,
                0.1485805709150296,
                0.1485805709150296,
                0.03962148557734123,
                0.03962148557734123,
                0.06933759976034716
            ],
            [
                0.069313583199942,
                0.039607761828538285,
                0.16833298777128772,
                0.29696222754344537,
                0.14852910685701856,
                0.13862716639988398,
                0.029705821371403714,
                0.039607761828538285,
                0.069313583199942
            ],
            [
                0.06938949112695257,
                0.039651137786830035,
                0.15860455114732014,
                0.2763667353903519,
                0.14869176670061263,
                0.15860455114732014,
                0.039651137786830035,
                0.039651137786830035,
                0.06938949112695257
            ],
            [
                0.07933251660651115,
                0.039666258303255576,
                0.1487484686372084,
                0.2860073505413996,
                0.1289153394855806,
                0.1586650332130223,
                0.039666258303255576,
                0.039666258303255576,
                0.07933251660651115
            ],
            [
                0.10932502825201887,
                0.03975455572800687,
                0.13914094504802402,
                0.26454071903187293,
                0.1292023061160223,
                0.15901822291202747,
                0.029815916796005145,
                0.03975455572800687,
                0.08944775038801545
            ],
            [
                0.059572909682521366,
                0.039715273121680904,
                0.12907463764546293,
                0.3049827203705843,
                0.1191458193650427,
                0.15886109248672362,
                0.02978645484126068,
                0.039715273121680904,
                0.1191458193650427
            ],
            [
                0.06934803730283012,
                0.039627449887331495,
                0.1486029370774931,
                0.23717158966886862,
                0.13869607460566022,
                0.2080441119084904,
                0.02972058741549862,
                0.039627449887331495,
                0.08916176224649587
            ],
            [
                0.06949407381971356,
                0.0397108993255506,
                0.14891587247081475,
                0.2852038121400892,
                0.12906042280803945,
                0.16877132213359008,
                0.029783174494162953,
                0.0397108993255506,
                0.08934952348248885
            ],
            [
                0.06940201599302712,
                0.039658294853158346,
                0.1288894582727646,
                0.28615069264314974,
                0.1288894582727646,
                0.1784623268392126,
                0.039658294853158346,
                0.039658294853158346,
                0.08923116341960628
            ],
            [
                0.06934803730283012,
                0.039627449887331495,
                0.12878921213382735,
                0.23717158966886862,
                0.13869607460566022,
                0.18823038696482464,
                0.049534312359164376,
                0.05944117483099725,
                0.08916176224649587
            ],
            [
                0.059579799386570625,
                0.03971986625771375,
                0.11915959877314122,
                0.3049023404900094,
                0.12908956533756966,
                0.13901953190199812,
                0.03971986625771375,
                0.08936969907985594,
                0.0794397325154275
            ],
            [
                0.05957783243566065,
                0.0397185549571071,
                0.11915566487132127,
                0.2453474558149652,
                0.13901494234987483,
                0.1588742198284284,
                0.0397185549571071,
                0.1092260261320445,
                0.08936674865349097
            ],
            [
                0.05954772249520357,
                0.02977386124760178,
                0.10917082457453985,
                0.25565346880995543,
                0.12902006540627436,
                0.13894468582214164,
                0.039698481663469044,
                0.15879392665387618,
                0.07939696332693809
            ],
            [
                0.05957479672856427,
                0.029787398364282132,
                0.10922046066903447,
                0.2751733064691349,
                0.12907872624522254,
                0.1390078590333166,
                0.03971653115237618,
                0.1390078590333166,
                0.07943306230475236
            ],
            [
                0.05956692983623879,
                0.029783464918119392,
                0.10920603803310443,
                0.26534119868638845,
                0.12906168131185067,
                0.1389895029512238,
                0.03971128655749252,
                0.14891732459059695,
                0.07942257311498505
            ],
            [
                0.0597001354882471,
                0.029850067744123545,
                0.10945024839511966,
                0.27364835155966033,
                0.11940027097649417,
                0.1393003161392432,
                0.03980009032549806,
                0.1393003161392432,
                0.08955020323237063
            ],
            [
                0.05944117483099725,
                0.02972058741549862,
                0.1089754871901616,
                0.23717158966886862,
                0.12878921213382735,
                0.1486029370774931,
                0.02972058741549862,
                0.1486029370774931,
                0.1089754871901616
            ],
            [
                0.05944117483099725,
                0.02972058741549862,
                0.1089754871901616,
                0.23717158966886862,
                0.11888234966199447,
                0.1486029370774931,
                0.02972058741549862,
                0.17832352449299177,
                0.08916176224649587
            ],
            [
                0.049611469657810346,
                0.029766881794686204,
                0.09922293931562068,
                0.27567254299596905,
                0.10914523324718274,
                0.12898982111030685,
                0.029766881794686204,
                0.1984458786312414,
                0.07937835145249654
            ],
            [
                0.0495933116723028,
                0.029755987003381678,
                0.09918662334460558,
                0.27593764958437905,
                0.10910528567906615,
                0.12894261034798724,
                0.029755987003381678,
                0.19837324668921122,
                0.07934929867568448
            ],
            [
                0.04952730492991447,
                0.02971638295794868,
                0.09905460985982893,
                0.2769013480232488,
                0.10896007084581183,
                0.1287709928177776,
                0.02971638295794868,
                0.19810921971965792,
                0.07924368788786315
            ],
            [
                0.04954557072258318,
                0.029727342433549905,
                0.08918202730064971,
                0.2865437815948021,
                0.09909114144516634,
                0.1189093697341996,
                0.029727342433549905,
                0.21800051117936603,
                0.07927291315613308
            ],
            [
                0.04961411572278289,
                0.02976846943366973,
                0.09922823144556576,
                0.2756339104473698,
                0.09922823144556576,
                0.11907387773467891,
                0.02976846943366973,
                0.21830210918024476,
                0.07938258515645262
            ],
            [
                0.04966922582778645,
                0.029801535496671864,
                0.09933845165557288,
                0.28476314807987524,
                0.10927229682113015,
                0.14900767748335933,
                0.029801535496671864,
                0.16887536781447393,
                0.07947076132445831
            ],
            [
                0.0495860702925198,
                0.02975164217551188,
                0.08925492652653565,
                0.2760433737292109,
                0.09917214058503959,
                0.19834428117007924,
                0.02975164217551188,
                0.14875821087755942,
                0.07933771246803169
            ],
            [
                0.04965925889097129,
                0.029795555334582773,
                0.08938666600374831,
                0.2749748201918191,
                0.09931851778194256,
                0.19863703556388518,
                0.029795555334582773,
                0.14897777667291387,
                0.07945481422555406
            ],
            [
                0.049546025607879816,
                0.029727615364727886,
                0.08918284609418366,
                0.28653723124653074,
                0.10900125633733557,
                0.1585472819452154,
                0.029727615364727886,
                0.16845648706679137,
                0.0792736409726077
            ],
            [
                0.049791742085482406,
                0.029875045251289443,
                0.08962513575386832,
                0.2929572623861499,
                0.10954183258806127,
                0.1593335746735437,
                0.029875045251289443,
                0.1593335746735437,
                0.07966678733677185
            ],
            [
                0.049534312359164376,
                0.02972058741549862,
                0.09906862471832874,
                0.23717158966886862,
                0.09906862471832874,
                0.18823038696482464,
                0.02972058741549862,
                0.17832352449299177,
                0.08916176224649587
            ],
            [
                0.04961292397754964,
                0.02976775438652978,
                0.09922584795509927,
                0.28557389472328526,
                0.08930326315958935,
                0.18852911111468865,
                0.02976775438652978,
                0.15876135672815883,
                0.0694580935685695
            ],
            [
                0.04952770038921979,
                0.02971662023353187,
                0.09905540077843956,
                0.29670665447307903,
                0.0891498607005956,
                0.1584886412455033,
                0.02971662023353187,
                0.16839418132334727,
                0.07924432062275165
            ],
            [
                0.04977263670175823,
                0.029863582021054935,
                0.09954527340351645,
                0.25341044947362645,
                0.09954527340351645,
                0.17918149212632964,
                0.029863582021054935,
                0.17918149212632964,
                0.07963621872281317
            ],
            [
                0.04969843103868242,
                0.029819058623209452,
                0.10933654828510131,
                0.2346441620042906,
                0.09939686207736483,
                0.1888540379469932,
                0.029819058623209452,
                0.17891435173925674,
                0.07951748966189187
            ],
            [
                0.04974580109264912,
                0.029847480655589467,
                0.10944076240382804,
                0.2836604642658528,
                0.09949160218529822,
                0.14923740327794732,
                0.029847480655589467,
                0.16913572371500699,
                0.07959328174823858
            ],
            [
                0.05963811724641891,
                0.029819058623209452,
                0.1192762344928378,
                0.2346441620042906,
                0.08945717586962836,
                0.16897466553152024,
                0.029819058623209452,
                0.1888540379469932,
                0.07951748966189187
            ],
            [
                0.05959359407972777,
                0.029796797039863883,
                0.11918718815945552,
                0.24514780832344815,
                0.09932265679954627,
                0.1688485165592287,
                0.029796797039863883,
                0.1688485165592287,
                0.07945812543963703
            ],
            [
                0.05947264927304334,
                0.029736324636521667,
                0.12885740675826055,
                0.26650399229913213,
                0.089208973909565,
                0.15859373139478225,
                0.029736324636521667,
                0.16850583960695614,
                0.06938475748521723
            ],
            [
                0.059674480080204526,
                0.02983724004010226,
                0.1392404535204772,
                0.24412325231740933,
                0.08951172012030677,
                0.16907769356057947,
                0.02983724004010226,
                0.16907769356057947,
                0.06962022676023862
            ],
            [
                0.04958287870656333,
                0.039666302965250665,
                0.12891548463706462,
                0.26617339514286265,
                0.08924918167181399,
                0.15866521186100266,
                0.029749727223937993,
                0.16858178760231532,
                0.06941603018918867
            ],
            [
                0.04965686738983002,
                0.039725493911864015,
                0.12910785521355803,
                0.25514698915254963,
                0.08938236130169402,
                0.16883334912542208,
                0.029794120433898008,
                0.16883334912542208,
                0.06951961434576202
            ],
            [
                0.049534312359164376,
                0.039627449887331495,
                0.13869607460566022,
                0.23717158966886862,
                0.08916176224649587,
                0.16841666202115887,
                0.02972058741549862,
                0.17832352449299177,
                0.06934803730283012
            ],
            [
                0.04972428948088482,
                0.03977943158470786,
                0.12928315265030052,
                0.26408051568290464,
                0.08950372106559268,
                0.16906258423500842,
                0.02983457368853089,
                0.15911772633883145,
                0.06961400527323876
            ],
            [
                0.04952490306259531,
                0.04952490306259531,
                0.13866972857526685,
                0.22741151222351322,
                0.09904980612519061,
                0.158479689800305,
                0.029714941837557185,
                0.16838467041282407,
                0.0792398449001525
            ],
            [
                0.049509344611968605,
                0.049509344611968605,
                0.12872429599111834,
                0.23755609297568356,
                0.0990186892239372,
                0.1485280338359058,
                0.029705606767181158,
                0.15842990275829952,
                0.0990186892239372
            ],
            [
                0.04961662087577349,
                0.04961662087577349,
                0.11907989010185634,
                0.25575068686339786,
                0.08930991757639227,
                0.13892653845216574,
                0.029769972525464088,
                0.14884986262732045,
                0.11907989010185634
            ],
            [
                0.04952064703797244,
                0.03961651763037795,
                0.1287536822987283,
                0.2670944238380082,
                0.08913716466835038,
                0.1386578117063228,
                0.02971238822278346,
                0.1485619411139173,
                0.10894542348353935
            ],
            [
                0.049527513723631345,
                0.039622010978905074,
                0.12877153568144148,
                0.2669927968902562,
                0.08914952470253641,
                0.13867703842616774,
                0.029716508234178804,
                0.14858254117089403,
                0.10896053019198894
            ],
            [
                0.04969843103868242,
                0.039758744830945936,
                0.12921592070057428,
                0.2346441620042906,
                0.09939686207736483,
                0.14909529311604724,
                0.029819058623209452,
                0.15903497932378374,
                0.10933654828510131
            ],
            [
                0.04967965867903097,
                0.039743726943224776,
                0.1291671125654805,
                0.24486918807872943,
                0.08942338562225574,
                0.1490389760370929,
                0.02980779520741858,
                0.1589749077728991,
                0.10929524909386812
            ],
            [
                0.04960916110306429,
                0.03968732888245143,
                0.12898381886796714,
                0.22609708679219717,
                0.08929648998551572,
                0.14882748330919288,
                0.029765496661838572,
                0.17859297997103146,
                0.10914015442674142
            ],
            [
                0.04969843103868242,
                0.039758744830945936,
                0.12921592070057428,
                0.2346441620042906,
                0.08945717586962836,
                0.14909529311604724,
                0.029819058623209452,
                0.16897466553152024,
                0.10933654828510131
            ],
            [
                0.04956264378196061,
                0.039650115025568484,
                0.12886287383309755,
                0.2763854007833751,
                0.07930023005113697,
                0.14868793134588182,
                0.02973758626917636,
                0.15860046010227394,
                0.08921275880752909
            ],
            [
                0.04957994003411517,
                0.039663952027292136,
                0.1289078440886994,
                0.2761328755019186,
                0.07932790405458427,
                0.1487398201023455,
                0.029747964020469097,
                0.15865580810916854,
                0.0892438920614073
            ],
            [
                0.049648282030664855,
                0.039718625624531885,
                0.1290855332797286,
                0.27513508235229306,
                0.07943725124906377,
                0.14894484609199457,
                0.029788969218398912,
                0.15887450249812754,
                0.08936690765519674
            ],
            [
                0.03965239224402672,
                0.03965239224402672,
                0.1288702747930868,
                0.29617003766852573,
                0.07930478448805343,
                0.1387833728540935,
                0.029739294183020036,
                0.15860956897610687,
                0.08921788254906012
            ],
            [
                0.0495749205026558,
                0.03965993640212464,
                0.12889479330690506,
                0.2762061606612253,
                0.07931987280424928,
                0.1487247615079674,
                0.029744952301593477,
                0.15863974560849856,
                0.08923485690478043
            ],
            [
                0.049520208964193395,
                0.039616167171354716,
                0.11884850151406412,
                0.29681303270845383,
                0.07923233434270943,
                0.1287525433069028,
                0.039616167171354716,
                0.15846466868541886,
                0.0891363761355481
            ],
            [
                0.04967541967089737,
                0.0397403357367179,
                0.12915609114433313,
                0.2548687049365394,
                0.08941575540761526,
                0.13909117507851262,
                0.02980525180253842,
                0.16889642688105105,
                0.09935083934179473
            ],
            [
                0.04950597463758917,
                0.039604779710071335,
                0.11881433913021398,
                0.27721277029119806,
                0.0891107543476605,
                0.13861672898524965,
                0.0297035847825535,
                0.15841911884028534,
                0.09901194927517833
            ],
            [
                0.049752287788278046,
                0.039801830230622434,
                0.12935594824952287,
                0.2437652256181737,
                0.09950457557655608,
                0.1393064058071785,
                0.029851372672966822,
                0.16915777848014535,
                0.09950457557655608
            ],
            [
                0.059591035809816846,
                0.039727357206544564,
                0.11918207161963366,
                0.2650438916789256,
                0.09931839301636139,
                0.13904575022290594,
                0.02979551790490842,
                0.1489775895245421,
                0.09931839301636139
            ],
            [
                0.049681254378673566,
                0.03974500350293885,
                0.11923501050881653,
                0.2746536860713659,
                0.09936250875734712,
                0.13910751226028595,
                0.029808752627204137,
                0.1490437631360207,
                0.09936250875734712
            ],
            [
                0.04969843103868242,
                0.039758744830945936,
                0.1192762344928378,
                0.2346441620042906,
                0.10933654828510131,
                0.14909529311604724,
                0.029819058623209452,
                0.15903497932378374,
                0.10933654828510131
            ],
            [
                0.049534312359164376,
                0.039627449887331495,
                0.11888234966199447,
                0.23717158966886862,
                0.11888234966199447,
                0.13869607460566022,
                0.02972058741549862,
                0.15850979954932598,
                0.1089754871901616
            ],
            [
                0.04956941563516055,
                0.039655532508128435,
                0.11896659752438529,
                0.2663726485996242,
                0.09913883127032108,
                0.1387943637784495,
                0.029741649381096327,
                0.14870824690548162,
                0.10905271439735319
            ],
            [
                0.04975818862798373,
                0.03980655090238698,
                0.11941965270716093,
                0.24367553285464733,
                0.1094680149815642,
                0.13932292815835443,
                0.029854913176790236,
                0.15922620360954792,
                0.1094680149815642
            ],
            [
                0.049598082843164235,
                0.039678466274531386,
                0.11903539882359414,
                0.25602875735253644,
                0.09919616568632846,
                0.12895501539222698,
                0.029758849705898538,
                0.1686334816667584,
                0.1091157822549613
            ],
            [
                0.04952922445438004,
                0.03962337956350403,
                0.11887013869051206,
                0.25706163318429964,
                0.09905844890876006,
                0.12877598358138806,
                0.02971753467262802,
                0.16839936314489212,
                0.10896429379963607
            ],
            [
                0.04951524260628318,
                0.039612194085026545,
                0.13864267929759289,
                0.24736831238449578,
                0.09903048521256634,
                0.12873963077633624,
                0.029709145563769905,
                0.1683518248613628,
                0.09903048521256634
            ],
            [
                0.049651284384107985,
                0.039721027507286386,
                0.13902359627550234,
                0.24530047736155872,
                0.09930256876821596,
                0.12909333939868073,
                0.029790770630464786,
                0.16881436690596716,
                0.09930256876821596
            ],
            [
                0.049609630272369,
                0.049609630272369,
                0.12898503870815936,
                0.2558555459144649,
                0.09921926054473798,
                0.12898503870815936,
                0.029765778163421398,
                0.1587508168715808,
                0.09921926054473798
            ],
            [
                0.049679827252881385,
                0.049679827252881385,
                0.11923158540691531,
                0.2647385566573555,
                0.09935965450576276,
                0.12916755085749157,
                0.02980789635172883,
                0.15897544720922044,
                0.09935965450576276
            ],
            [
                0.04963497379315036,
                0.04963497379315036,
                0.1290509318621909,
                0.2554753931027446,
                0.0992699475863007,
                0.1290509318621909,
                0.029780984275890213,
                0.15883191613808115,
                0.0992699475863007
            ],
            [
                0.04963333588434131,
                0.04963333588434131,
                0.12904667329928737,
                0.2554999617348803,
                0.0992666717686826,
                0.11912000612241912,
                0.039706668707473046,
                0.15882667482989218,
                0.0992666717686826
            ],
            [
                0.049670805070364546,
                0.049670805070364546,
                0.11920993216887489,
                0.2648720849586046,
                0.09934161014072908,
                0.11920993216887489,
                0.03973664405629164,
                0.15894657622516656,
                0.09934161014072908
            ],
            [
                0.04962720855315022,
                0.04962720855315022,
                0.12903074223819053,
                0.25559187170274683,
                0.09925441710630042,
                0.11910530052756049,
                0.03970176684252017,
                0.15880706737008068,
                0.09925441710630042
            ],
            [
                0.049526082940627165,
                0.049526082940627165,
                0.11886259905750517,
                0.26701397247871783,
                0.09905216588125432,
                0.11886259905750517,
                0.039620866352501734,
                0.15848346541000694,
                0.09905216588125432
            ],
            [
                0.039628664342420405,
                0.049535830428025514,
                0.1188859930272612,
                0.27677687575082743,
                0.09907166085605101,
                0.1188859930272612,
                0.039628664342420405,
                0.15851465736968162,
                0.09907166085605101
            ],
            [
                0.04962547635983983,
                0.04962547635983983,
                0.11910114326361558,
                0.2655429498743705,
                0.09925095271967965,
                0.11910114326361558,
                0.03970038108787187,
                0.15880152435148748,
                0.09925095271967965
            ],
            [
                0.039733260361744224,
                0.04966657545218028,
                0.11919978108523265,
                0.27486799839816783,
                0.09933315090436054,
                0.11919978108523265,
                0.039733260361744224,
                0.1589330414469769,
                0.09933315090436054
            ],
            [
                0.039707180031263764,
                0.04963397503907971,
                0.11912154009379128,
                0.2654171694216203,
                0.0992679500781594,
                0.11912154009379128,
                0.039707180031263764,
                0.16875551513287101,
                0.0992679500781594
            ],
            [
                0.03968195609811386,
                0.04960244512264233,
                0.11904586829434156,
                0.24604283413583652,
                0.09920489024528464,
                0.11904586829434156,
                0.03968195609811386,
                0.18848929146604088,
                0.09920489024528464
            ],
            [
                0.039654346776287014,
                0.039654346776287014,
                0.11896304032886101,
                0.31596251810904896,
                0.08922228024664577,
                0.10904945363478927,
                0.029740760082215257,
                0.1685309737992198,
                0.08922228024664577
            ],
            [
                0.039654346776287014,
                0.039654346776287014,
                0.11896304032886101,
                0.31596251810904896,
                0.08922228024664577,
                0.10904945363478927,
                0.029740760082215257,
                0.1685309737992198,
                0.08922228024664577
            ],
            [
                0.039654346776287014,
                0.039654346776287014,
                0.11896304032886101,
                0.31596251810904896,
                0.08922228024664577,
                0.10904945363478927,
                0.029740760082215257,
                0.1685309737992198,
                0.08922228024664577
            ],
            [
                0.039654346776287014,
                0.039654346776287014,
                0.11896304032886101,
                0.31596251810904896,
                0.08922228024664577,
                0.10904945363478927,
                0.029740760082215257,
                0.1685309737992198,
                0.08922228024664577
            ],
            [
                0.039654346776287014,
                0.039654346776287014,
                0.11896304032886101,
                0.31596251810904896,
                0.08922228024664577,
                0.10904945363478927,
                0.029740760082215257,
                0.1685309737992198,
                0.08922228024664577
            ],
            [
                0.039654346776287014,
                0.039654346776287014,
                0.11896304032886101,
                0.31596251810904896,
                0.08922228024664577,
                0.10904945363478927,
                0.029740760082215257,
                0.1685309737992198,
                0.08922228024664577
            ],
            [
                0.039654346776287014,
                0.039654346776287014,
                0.11896304032886101,
                0.31596251810904896,
                0.08922228024664577,
                0.10904945363478927,
                0.029740760082215257,
                0.1685309737992198,
                0.08922228024664577
            ],
            [
                0.039654346776287014,
                0.039654346776287014,
                0.11896304032886101,
                0.31596251810904896,
                0.08922228024664577,
                0.10904945363478927,
                0.029740760082215257,
                0.1685309737992198,
                0.08922228024664577
            ],
            [
                0.039654346776287014,
                0.039654346776287014,
                0.11896304032886101,
                0.31596251810904896,
                0.08922228024664577,
                0.10904945363478927,
                0.029740760082215257,
                0.1685309737992198,
                0.08922228024664577
            ],
            [
                0.039654346776287014,
                0.039654346776287014,
                0.11896304032886101,
                0.31596251810904896,
                0.08922228024664577,
                0.10904945363478927,
                0.029740760082215257,
                0.1685309737992198,
                0.08922228024664577
            ],
            [
                0.039726734845748596,
                0.049658418557185745,
                0.12911188824868292,
                0.2451920379307766,
                0.09931683711437148,
                0.11918020453724576,
                0.039726734845748596,
                0.1787703068058687,
                0.09931683711437148
            ],
            [
                0.039726734845748596,
                0.049658418557185745,
                0.12911188824868292,
                0.2451920379307766,
                0.09931683711437148,
                0.11918020453724576,
                0.039726734845748596,
                0.1787703068058687,
                0.09931683711437148
            ],
            [
                0.039726734845748596,
                0.049658418557185745,
                0.12911188824868292,
                0.2451920379307766,
                0.09931683711437148,
                0.11918020453724576,
                0.039726734845748596,
                0.1787703068058687,
                0.09931683711437148
            ],
            [
                0.039726734845748596,
                0.049658418557185745,
                0.12911188824868292,
                0.2451920379307766,
                0.09931683711437148,
                0.11918020453724576,
                0.039726734845748596,
                0.1787703068058687,
                0.09931683711437148
            ],
            [
                0.039726734845748596,
                0.049658418557185745,
                0.12911188824868292,
                0.2451920379307766,
                0.09931683711437148,
                0.11918020453724576,
                0.039726734845748596,
                0.1787703068058687,
                0.09931683711437148
            ],
            [
                0.039726734845748596,
                0.049658418557185745,
                0.12911188824868292,
                0.2451920379307766,
                0.09931683711437148,
                0.11918020453724576,
                0.039726734845748596,
                0.1787703068058687,
                0.09931683711437148
            ],
            [
                0.039726734845748596,
                0.049658418557185745,
                0.12911188824868292,
                0.2451920379307766,
                0.09931683711437148,
                0.11918020453724576,
                0.039726734845748596,
                0.1787703068058687,
                0.09931683711437148
            ],
            [
                0.039726734845748596,
                0.049658418557185745,
                0.12911188824868292,
                0.2451920379307766,
                0.09931683711437148,
                0.11918020453724576,
                0.039726734845748596,
                0.1787703068058687,
                0.09931683711437148
            ],
            [
                0.039726734845748596,
                0.049658418557185745,
                0.12911188824868292,
                0.2451920379307766,
                0.09931683711437148,
