[
    {
        "T": 6860,
        "best_arm": 6,
        "w_s": [
            [
                0.06481131877793828,
                0.15676114366441046,
                0.06456888182698742,
                0.06840551329008666,
                0.06686677669384743,
                0.0981912659408664,
                0.09551431666934647,
                0.06392076297088982,
                0.09587472754213848,
                0.06459770150202682,
                0.09528649991413737,
                0.06520109120732451
            ],
            [
                0.03206938046542631,
                0.38630825477671205,
                0.03199275418839802,
                0.03317511745980782,
                0.032708623000139506,
                0.09664361678608732,
                0.09535337695586016,
                0.03178661977586739,
                0.10021057493270152,
                0.03200187681320918,
                0.09555777679980515,
                0.032192028045985636
            ],
            [
                0.03438806423159778,
                0.2873940029057026,
                0.0343099387400889,
                0.035513352970971974,
                0.03503908452084001,
                0.10015523818333416,
                0.10040551175959046,
                0.10699734039203912,
                0.09695472393529232,
                0.034319240833599586,
                0.1000104290469845,
                0.03451307247995864
            ],
            [
                0.03425254221556347,
                0.28626528390537737,
                0.03417498331126207,
                0.03536953963256435,
                0.03489879541024542,
                0.09948554560734375,
                0.0993725486213213,
                0.10582903885742817,
                0.102363300437301,
                0.034184218005136276,
                0.09942756257199856,
                0.034376641424458204
            ],
            [
                0.0144187184148379,
                0.4969942369248411,
                0.0143915501378783,
                0.014807579096293133,
                0.014644247877545315,
                0.031074008568282276,
                0.03107218806269647,
                0.03213814226891223,
                0.29053129315433746,
                0.01439478612559404,
                0.031071105424878953,
                0.014462143943902744
            ],
            [
                0.02230091676393269,
                0.21950435680804814,
                0.02226079938955237,
                0.022874354691368937,
                0.02263367021718066,
                0.08651086265259064,
                0.12775736103863305,
                0.05024066858675679,
                0.28681027349305005,
                0.022265578097898895,
                0.094476132729648,
                0.022365025531339757
            ],
            [
                0.016556774701901845,
                0.3604659647427045,
                0.01652847308715561,
                0.016960749347404047,
                0.01679132174071106,
                0.0556532120961269,
                0.07498143707926863,
                0.03583202746911314,
                0.31338742988453355,
                0.016531844596985285,
                0.05970877453090981,
                0.016601990723185644
            ],
            [
                0.01655677486216559,
                0.3604659640775862,
                0.016528473247487272,
                0.016960749506698267,
                0.01679132190041189,
                0.05565321216255919,
                0.07498143709931317,
                0.03583202758311629,
                0.3133874293324037,
                0.016531844757308865,
                0.05970877458760876,
                0.016601990883340873
            ],
            [
                0.013153483516361817,
                0.10089239192153643,
                0.01313234099429681,
                0.013454790120650139,
                0.013328530768158429,
                0.03853047299931496,
                0.409512934091323,
                0.026576714050620395,
                0.304327978803289,
                0.013134859888169993,
                0.04076825016120614,
                0.013187252685072828
            ],
            [
                0.019602380612635705,
                0.13339071784030868,
                0.01713053714077962,
                0.017538764790349697,
                0.017378986980018482,
                0.05355808031810756,
                0.30754738218421684,
                0.12135939868188492,
                0.22459383598558552,
                0.017133728370521857,
                0.05356608944800544,
                0.0172000976475857
            ],
            [
                0.04296165684948863,
                0.13269503962536977,
                0.018977987686371323,
                0.019420709823095357,
                0.0192474832280585,
                0.06571052845759821,
                0.2811603837171091,
                0.11885622260811815,
                0.19543213653761402,
                0.01898145026744271,
                0.06750294432078856,
                0.019053456878945794
            ],
            [
                0.04134308643474538,
                0.12894962213047229,
                0.018418404648687096,
                0.018845121054905725,
                0.0186781730748539,
                0.06272999030279597,
                0.28847696413116886,
                0.11136843598751053,
                0.20987683684552796,
                0.01842174256693939,
                0.06440046794538883,
                0.018491154877003996
            ],
            [
                0.040580620619089555,
                0.12805969508330683,
                0.01815240445579402,
                0.01857155114051216,
                0.018407572299649275,
                0.06134023960682912,
                0.291800418324102,
                0.10796883383217303,
                0.21578402447277475,
                0.0181556834078776,
                0.06295508812836774,
                0.018223868629524038
            ],
            [
                0.03793813711769831,
                0.14044191416600227,
                0.01730660986979391,
                0.01769971238196172,
                0.01754595718608661,
                0.05924195460691853,
                0.30212423904804814,
                0.09524047436386311,
                0.21795269260707884,
                0.017309686208967473,
                0.05982496834614495,
                0.017373654097436148
            ],
            [
                0.03692175999812408,
                0.13343413858659586,
                0.016924814101741955,
                0.017307645036914714,
                0.01715791582884959,
                0.057595504261749315,
                0.3061852381061936,
                0.09145106999733213,
                0.2311801885981916,
                0.01692781033284229,
                0.057923803641744626,
                0.016990111509720247
            ],
            [
                0.036196396286698754,
                0.1617360627241077,
                0.016721085053932862,
                0.017096774602264886,
                0.016949851753418746,
                0.0566320292824856,
                0.30663687455335026,
                0.08779088485784925,
                0.21040330402766322,
                0.016724025826181935,
                0.056327538743926105,
                0.01678517228812077
            ],
            [
                0.032508326525512776,
                0.1679599549294811,
                0.015495016742082271,
                0.015833542538001354,
                0.01570120290917605,
                0.05554297340441194,
                0.31500270978480893,
                0.0726847911899769,
                0.2225169518488854,
                0.015497668220381414,
                0.055704068177036346,
                0.01555279373024549
            ],
            [
                0.03218111251228264,
                0.18040163213236518,
                0.015391048755160657,
                0.01572624301348738,
                0.015595211163011612,
                0.05537507883164736,
                0.3154186074649738,
                0.07138248527993786,
                0.2122086977853501,
                0.015393674315127984,
                0.05547794840461771,
                0.015448260342037733
            ],
            [
                0.031065360419557105,
                0.21106000702658292,
                0.015123685374058627,
                0.015447567909105522,
                0.015320985536696525,
                0.06059236499275441,
                0.3110821300452435,
                0.06612528962706204,
                0.18227090111049804,
                0.015126223230072946,
                0.06160650207800575,
                0.015178982650362523
            ],
            [
                0.022319112268330162,
                0.09375695354582891,
                0.011401674861130227,
                0.011634346838253899,
                0.011543467611870474,
                0.04559687440649054,
                0.31324616836222563,
                0.042880638777002336,
                0.37894443462248883,
                0.01140349982905147,
                0.04583139632962274,
                0.011441432547704874
            ],
            [
                0.022469318461708285,
                0.09964892759660182,
                0.01148833972556306,
                0.01172256416701073,
                0.011631079592556196,
                0.04581916259540541,
                0.31418206360886664,
                0.043098958629768674,
                0.3708670732678076,
                0.011490176903887704,
                0.04605397215029306,
                0.011528363300530817
            ],
            [
                0.01990485443119847,
                0.0814290112476214,
                0.010294731413184498,
                0.010502047093864634,
                0.010421084844933917,
                0.039610329545147135,
                0.36575877800428946,
                0.037364903853109074,
                0.36428419476809526,
                0.010296357925920117,
                0.03980354273232741,
                0.010330164140308426
            ],
            [
                0.02154152461044443,
                0.1370003112236208,
                0.011220980311697755,
                0.011445186931537206,
                0.01135763656947198,
                0.04250010107221112,
                0.3494010720689185,
                0.04482139535251414,
                0.30578468634455286,
                0.011222739613375275,
                0.04244506109087258,
                0.011259304810783261
            ],
            [
                0.022253153181222625,
                0.13767744505155438,
                0.011620297119082718,
                0.011851847298249667,
                0.011761432309661202,
                0.04797628132840124,
                0.34333945936074245,
                0.04643132871157406,
                0.2951815250065097,
                0.01162211414084406,
                0.04862523785029931,
                0.011659878641858615
            ],
            [
                0.022781955978211418,
                0.13777822888037317,
                0.011921433426831034,
                0.012158428179681621,
                0.01206588979283456,
                0.04999007179530764,
                0.33861970434926386,
                0.05487864856957417,
                0.28639809739012817,
                0.01192329325773701,
                0.04952230118977763,
                0.011961947190279825
            ],
            [
                0.023501995440580837,
                0.1374177823401241,
                0.0123375110269031,
                0.012581901359180197,
                0.012486479306127058,
                0.056342606013446934,
                0.3318163606980304,
                0.05608214320940764,
                0.2734914636704449,
                0.012339429027761284,
                0.059223036443375864,
                0.012379291464617628
            ],
            [
                0.02385941833794619,
                0.1388582378303008,
                0.012553479744258115,
                0.012801514554985578,
                0.01270467244131932,
                0.06081093412378172,
                0.328266725655054,
                0.060982761851648346,
                0.2640925182497074,
                0.012555426443020415,
                0.05991842579278092,
                0.012595884975197138
            ],
            [
                0.02405330871996976,
                0.14671133220628135,
                0.012689648328651904,
                0.01293960827753303,
                0.012842018040188672,
                0.06284063276096061,
                0.32563227347768553,
                0.06262317888068165,
                0.2515075698460999,
                0.012691610252099625,
                0.0627364344214363,
                0.012732384788411795
            ],
            [
                0.024958061073033288,
                0.13547461821298945,
                0.013309977296460867,
                0.013568931695032458,
                0.013467844548193582,
                0.1379463229370322,
                0.29900086243538243,
                0.06263928725076189,
                0.21022200808414343,
                0.0133120102990828,
                0.06274581582537372,
                0.013354260342513974
            ],
            [
                0.024444609469513708,
                0.12953034021584942,
                0.013069411107414122,
                0.01332293025063454,
                0.01322396826788588,
                0.1322552850269905,
                0.30285937262593454,
                0.06084783948832402,
                0.22331217022970817,
                0.013071401550865834,
                0.06094990504230064,
                0.013112766724578747
            ],
            [
                0.024335040343460818,
                0.1303077680935139,
                0.0130204209371813,
                0.013272771745723149,
                0.013174266812716696,
                0.1307477962127798,
                0.3037044604825986,
                0.0604325189713137,
                0.2243854886800288,
                0.013022402240036327,
                0.06053348814145125,
                0.013063577339195807
            ],
            [
                0.023964738848058165,
                0.16342772075854206,
                0.01288356322111787,
                0.013131864921210613,
                0.01303494685407452,
                0.12312850028048902,
                0.3040942428630019,
                0.058615672846284196,
                0.20319609175315603,
                0.01288551293908753,
                0.05871111380718951,
                0.012926030907788606
            ],
            [
                0.022612242695515296,
                0.18299602999827025,
                0.01226758340443482,
                0.012501458360097155,
                0.012410182799404767,
                0.107287555096993,
                0.31056702564560523,
                0.053770242661361996,
                0.20715702655382023,
                0.012269420213914917,
                0.053853642128033896,
                0.012307590442548417
            ],
            [
                0.0199874268000329,
                0.13462753679564518,
                0.010979133873833329,
                0.011185293796198682,
                0.01113662015484921,
                0.08589602228719585,
                0.32697141925637935,
                0.04580309199445765,
                0.28554865945076224,
                0.010980753469088604,
                0.04586963392072785,
                0.011014408200829136
            ],
            [
                0.012514227193689565,
                0.056539964636651834,
                0.0070939080047010515,
                0.007221907880281158,
                0.0073633548737632335,
                0.04273579082349871,
                0.36803293127036957,
                0.026205987501156627,
                0.43184322406244363,
                0.007094914306784439,
                0.026237967095444036,
                0.007115822351216401
            ],
            [
                0.015420196732585061,
                0.07542801314450606,
                0.008795923051898637,
                0.008953312350774302,
                0.018257669474860117,
                0.05087413672223838,
                0.3638807176527956,
                0.031788678233203214,
                0.37715501169989707,
                0.00879716058764128,
                0.03182630800249168,
                0.008822872347108435
            ],
            [
                0.01716763078391358,
                0.2318202391898855,
                0.009888367466904082,
                0.010062978804313259,
                0.02024219634139581,
                0.0537713927226552,
                0.3161768580231105,
                0.037965984209900015,
                0.24850581311227188,
                0.009889740734499722,
                0.03459052720946271,
                0.00991827140168766
            ],
            [
                0.015557683973675624,
                0.13065482859003874,
                0.009053547126525417,
                0.009209356436979815,
                0.018058447950825007,
                0.049810118538535,
                0.3491851381943478,
                0.04411232237671307,
                0.3255899554893194,
                0.009054773060711487,
                0.029786978903168802,
                0.009926849359159887
            ],
            [
                0.017316833015348608,
                0.13273472327099367,
                0.009403950334264714,
                0.009565517737645997,
                0.018726545495349974,
                0.05196971622073016,
                0.34389667650518885,
                0.04562465042306539,
                0.31926287339323994,
                0.009405221610029768,
                0.03082290638989471,
                0.011270385604248243
            ],
            [
                0.017335544456275363,
                0.13276220214430062,
                0.00941467515054616,
                0.009576415109182052,
                0.018746580284420042,
                0.05201223719908562,
                0.34375569077630636,
                0.04596578300252201,
                0.3188787847618592,
                0.00941594778558666,
                0.030853059634938135,
                0.01128307969497778
            ],
            [
                0.018300910926680455,
                0.13690121353060675,
                0.00977267605772564,
                0.009940095844460872,
                0.019406386771874756,
                0.05838933331177044,
                0.3388374293157651,
                0.052486267159134216,
                0.30265981754075494,
                0.009773993445859719,
                0.031826149209474026,
                0.011705726885893044
            ],
            [
                0.023843209267206927,
                0.14905216539150484,
                0.010579995729264602,
                0.010760008330670645,
                0.021406182568891784,
                0.06312263759495806,
                0.326379526564793,
                0.05612033038005013,
                0.2790791895594881,
                0.01058141236920856,
                0.03393984922231808,
                0.015135493021645215
            ],
            [
                0.02381835204663029,
                0.14969336907315628,
                0.010571704425971093,
                0.010751538144615273,
                0.021384883965535166,
                0.0630084782526262,
                0.3266263005507789,
                0.05602649494042611,
                0.27852569262905175,
                0.010573119663104317,
                0.03389778047963043,
                0.015122285828474101
            ],
            [
                0.023708255870594653,
                0.1662228411881422,
                0.010551202804352322,
                0.010730295633609672,
                0.0212965647657323,
                0.06221974581280512,
                0.32731003565875916,
                0.055403713819243194,
                0.2632536688156693,
                0.01055261226206558,
                0.03367205454443821,
                0.015079008824588265
            ],
            [
                0.02312804019344528,
                0.18534984613131866,
                0.010361413360293899,
                0.01053633266346649,
                0.020800582841896502,
                0.061286258655808064,
                0.33044305184442646,
                0.053197112696774726,
                0.24707647316578857,
                0.010362790095989083,
                0.032684091589070936,
                0.014774006761721189
            ],
            [
                0.02274010653911957,
                0.2084874748886931,
                0.010225965171809815,
                0.010398062600951084,
                0.02046570113837859,
                0.059585411777716445,
                0.3319802361100763,
                0.051844027561935915,
                0.2274381143135052,
                0.010227319766691872,
                0.032045626382744066,
                0.014561953748378122
            ],
            [
                0.02196931187395852,
                0.21966482503159404,
                0.009938081060408197,
                0.010104508675117627,
                0.019793286068434144,
                0.05657535427378931,
                0.33584981425454524,
                0.04940424601989112,
                0.221814647700016,
                0.009939391133883526,
                0.030823594874786232,
                0.014122939033575926
            ],
            [
                0.0216412586060935,
                0.2085844726139063,
                0.009812757676669769,
                0.009976761630984578,
                0.01950602993262204,
                0.05535448040484824,
                0.3376789501384668,
                0.04840598554783285,
                0.23498106094018514,
                0.009814048713496521,
                0.030310766292520424,
                0.013933427502373709
            ],
            [
                0.021194513917255454,
                0.23307390843854828,
                0.009652568188646954,
                0.009813295593312926,
                0.019118530219836255,
                0.05491457028330393,
                0.33948926790031464,
                0.04693855307319073,
                0.2128763569520331,
                0.009653833509253874,
                0.02958963759194968,
                0.013684964332354319
            ],
            [
                0.020839664690775167,
                0.2399732374212716,
                0.009516083799968714,
                0.009674182222621975,
                0.01880737478889688,
                0.05358063323872362,
                0.34137969818711417,
                0.04588182361138196,
                0.20831257436523545,
                0.00951732846952446,
                0.02903839558071834,
                0.01347900362376785
            ],
            [
                0.019423268581997732,
                0.2908429800276108,
                0.008946605556101083,
                0.009094140785694116,
                0.017556422295567135,
                0.04870236093115599,
                0.345559264690757,
                0.04195102015815174,
                0.1694469259456023,
                0.00894776720439789,
                0.02689530286584494,
                0.012633940957119436
            ],
            [
                0.019423268735381895,
                0.2908429795295876,
                0.008946605734629225,
                0.009094140963868179,
                0.017556422453431707,
                0.04870236101427032,
                0.3455592640614147,
                0.041951020257469274,
                0.16944692573892964,
                0.00894776738292324,
                0.026895303001296226,
                0.012633941126797978
            ],
            [
                0.019423268888766033,
                0.2908429790315644,
                0.008946605913157374,
                0.009094141142042239,
                0.017556422611296304,
                0.04870236109738465,
                0.3455592634320724,
                0.0419510203567868,
                0.16944692553225701,
                0.008947767561448609,
                0.0268953031367475,
                0.012633941296476514
            ],
            [
                0.01908333470650107,
                0.2443683946260454,
                0.008843270700814162,
                0.008988337449199291,
                0.017267732272535644,
                0.047049218760899306,
                0.34363442656799714,
                0.04068506523463138,
                0.22246327226642743,
                0.008844413009652255,
                0.02631103218018989,
                0.012461502225107062
            ],
            [
                0.01870402746924364,
                0.2621549300785366,
                0.00869301410849531,
                0.008835247947068196,
                0.016933332815419946,
                0.046222544383263474,
                0.3463899986620598,
                0.039630184390692595,
                0.20577088627754345,
                0.008694134156295583,
                0.025734651379653875,
                0.012237048331727516
            ],
            [
                0.018566175145493084,
                0.2566370763723344,
                0.00866059113757685,
                0.008801836172119853,
                0.016819407854747007,
                0.048603046174476604,
                0.3470620380327546,
                0.03903925003150435,
                0.20949375324006986,
                0.008661703456343386,
                0.025479516016333324,
                0.012175606366246813
            ],
            [
                0.018572299847291487,
                0.25656404170599334,
                0.008663669732305614,
                0.008804961762399963,
                0.01682503219499814,
                0.04872378838939537,
                0.34700444978106915,
                0.039050064828153055,
                0.2094596189871641,
                0.008664782421569255,
                0.025487466477562244,
                0.01217982387209826
            ],
            [
                0.018545207312146143,
                0.25305470636059946,
                0.008655472066277755,
                0.008796566030950973,
                0.016802008791167618,
                0.048819624308772444,
                0.34716154651987224,
                0.03895177427775889,
                0.21294925355117084,
                0.008656583203824163,
                0.0254411741393175,
                0.012166083438142097
            ],
            [
                0.018570011577508393,
                0.2424923087507965,
                0.008683340855338447,
                0.008824652548087654,
                0.016830049352164193,
                0.05135179443362474,
                0.34653739481489676,
                0.03885326076459919,
                0.22153372100190016,
                0.008684453737136343,
                0.025441893135353385,
                0.012197119028594274
            ],
            [
                0.018494925462817082,
                0.23505672023720744,
                0.008664258177569018,
                0.008805026184586402,
                0.016767459385961907,
                0.05263494299414833,
                0.34673117890286903,
                0.03854966044555268,
                0.22816169736434308,
                0.008665366806773976,
                0.025306458237608406,
                0.012162305800562595
            ],
            [
                0.018448361146467727,
                0.23203854341724273,
                0.008650636041550445,
                0.008791063432099674,
                0.016966337356661677,
                0.05233020417324554,
                0.3469322560864278,
                0.03837842794067593,
                0.2314471497593002,
                0.008651742003096098,
                0.025226188436872667,
                0.01213909020635965
            ],
            [
                0.018234426652814984,
                0.22110658857318466,
                0.008564685144671442,
                0.008703507868148781,
                0.016773847662412373,
                0.05142397563412231,
                0.34822681089722296,
                0.037804067637696566,
                0.24368029601831212,
                0.008565778494486285,
                0.024904717854020347,
                0.012011297562907301
            ],
            [
                0.01812379910594216,
                0.22939426592871362,
                0.008523932801079938,
                0.008661931293188908,
                0.01667539466681855,
                0.051347444743493606,
                0.34881166320047047,
                0.037474866604121054,
                0.23578196919611424,
                0.008525019679738356,
                0.024731173777148015,
                0.01194853900317106
            ],
            [
                0.017927631564376597,
                0.2622345322713092,
                0.008486930614202162,
                0.008623519398207552,
                0.017569026568106026,
                0.054577646765946744,
                0.34745400467120396,
                0.03658586809061,
                0.2018299291698907,
                0.008488006490503228,
                0.024353943317287366,
                0.011868961078356461
            ],
            [
                0.018068619575777354,
                0.24269148170249055,
                0.008582903964383862,
                0.00872060681449869,
                0.018578489745606323,
                0.05810393802085186,
                0.3449999510269311,
                0.03662599711337674,
                0.21856694505753593,
                0.008583988669106523,
                0.024488560956452143,
                0.011988517352988797
            ],
            [
                0.018896617930862187,
                0.23824894150198425,
                0.008629162775913104,
                0.008767461057322656,
                0.018655951652847926,
                0.05842742383544081,
                0.3440614673993525,
                0.03669823921011562,
                0.22236331384126728,
                0.008630252189024168,
                0.024573024759423336,
                0.012048143846446202
            ],
            [
                0.019457234687569613,
                0.23678784103121456,
                0.009018632288947347,
                0.009043569795382445,
                0.02046459549723392,
                0.05974690083986028,
                0.33862262032796103,
                0.037669639673767116,
                0.22153875716515967,
                0.00890225345553344,
                0.025276959112703404,
                0.013470996124667262
            ],
            [
                0.01935271614180189,
                0.21251531068342217,
                0.008910551547568965,
                0.008935093832908409,
                0.02011962837115224,
                0.05838112649231717,
                0.3406378194830496,
                0.0382042807834446,
                0.24606413469269842,
                0.008796010132601671,
                0.024799361583155776,
                0.013283966255879045
            ],
            [
                0.02123945966413537,
                0.25789840343581755,
                0.009364914445695684,
                0.00965924212429365,
                0.020490112714215112,
                0.06761410302450507,
                0.33046210686690775,
                0.0439793352653547,
                0.1914567896762494,
                0.00908096525383837,
                0.025114192735653025,
                0.013640374793334081
            ],
            [
                0.023633952976196308,
                0.22505146515270547,
                0.01072787995339842,
                0.010934096066469992,
                0.02333528633993634,
                0.0741033304072711,
                0.32076218849406224,
                0.04680247731290814,
                0.21342671022256066,
                0.009644244856904292,
                0.026322392493649052,
                0.015255975723937972
            ],
            [
                0.02409309793467655,
                0.20788886000302956,
                0.011014502222409966,
                0.01122494666675735,
                0.023800855762005253,
                0.07449891950861534,
                0.3163676443265466,
                0.06364642286085744,
                0.21513840603031895,
                0.009907857237086199,
                0.026794084418806128,
                0.01562440302889057
            ],
            [
                0.02409058545650139,
                0.20804343687515575,
                0.01101433686171006,
                0.011224762019966333,
                0.0237984212296663,
                0.07465527348070357,
                0.3163925653810908,
                0.06362260895431365,
                0.2148357532338637,
                0.009907783346705902,
                0.026790796377374578,
                0.015623676782947899
            ],
            [
                0.02410891979801169,
                0.206850932154216,
                0.011032947942870245,
                0.01124356079902155,
                0.023817026674285213,
                0.07736894956220682,
                0.3162471982346793,
                0.06349290818107256,
                0.21346124062550595,
                0.009925303878270961,
                0.026806052535381784,
                0.01564495961447786
            ],
            [
                0.02416677596312526,
                0.20540300492298824,
                0.011066882784460887,
                0.01127802097548417,
                0.02387454163938333,
                0.08053518678246653,
                0.31575219731280896,
                0.06351617875188308,
                0.21189481642575977,
                0.00995640041508471,
                0.02686664509202791,
                0.015689348934527142
            ],
            [
                0.02412823988987365,
                0.20567995755400928,
                0.011086988945894076,
                0.011297889020868252,
                0.023838283774738813,
                0.08963035091183176,
                0.31561474962738123,
                0.06277084533932283,
                0.2034714091548345,
                0.009977376535941445,
                0.02680497433843983,
                0.01569893490686443
            ],
            [
                0.02420612665822725,
                0.20065444152815276,
                0.011150867420712996,
                0.011362519048172509,
                0.02391657544493278,
                0.10166968291375705,
                0.31435715597583996,
                0.06250496450092648,
                0.19748775665944351,
                0.010037016107308614,
                0.026877587375304747,
                0.015775306367221277
            ],
            [
                0.02394642182312438,
                0.20148100421619058,
                0.011051701880787556,
                0.011261132733272656,
                0.023660949916685534,
                0.09947980976223234,
                0.3162825922351976,
                0.061499186202574926,
                0.19918398411578642,
                0.00994933010026621,
                0.02657913738269116,
                0.015624749631190761
            ],
            [
                0.0239339309809142,
                0.20147363981881755,
                0.011047075258274738,
                0.011256399597320794,
                0.02364866191919527,
                0.09943156799703623,
                0.31637199468700267,
                0.06144866920985297,
                0.19926045557750977,
                0.009945252579669635,
                0.026564714500792733,
                0.015617637873613584
            ],
            [
                0.02587612699658385,
                0.19239896132782197,
                0.012079895609125207,
                0.012306517243680714,
                0.05223133998426062,
                0.1006488461696812,
                0.2934986522455121,
                0.06428742209349336,
                0.1901234961082723,
                0.01088563908223051,
                0.028654023658265738,
                0.017009079481072484
            ],
            [
                0.02569376610427513,
                0.1931281457726927,
                0.012009147711745242,
                0.012234201189294745,
                0.05174470123800965,
                0.09929325861197662,
                0.2951988728149124,
                0.06362186198087587,
                0.190905591308948,
                0.010823008613829588,
                0.028445221917255688,
                0.016902222736184375
            ],
            [
                0.026315026141933328,
                0.1817624297751115,
                0.012395440894335367,
                0.012626119768819662,
                0.08193824004833673,
                0.09754310773008561,
                0.28689446136730423,
                0.06377430914857148,
                0.17908711971819335,
                0.011178675506498915,
                0.029087564371861916,
                0.01739750552894786
            ],
            [
                0.023586692642989324,
                0.19197795956646427,
                0.01131151447655022,
                0.011518590845452668,
                0.06838632001616626,
                0.07980616310352338,
                0.3102266384720588,
                0.054477263639860614,
                0.19673879848802475,
                0.010217187926563835,
                0.025978849520092457,
                0.015774021302253294
            ],
            [
                0.02351796619557669,
                0.19462073413881117,
                0.011287954665613942,
                0.011494438190165397,
                0.0679801081667379,
                0.08056481413026442,
                0.310621702055398,
                0.054204795451076544,
                0.1938754737066969,
                0.01019666467809916,
                0.025898948278231564,
                0.015736400343328297
            ],
            [
                0.023520300850752057,
                0.1945361491971758,
                0.011289506163666169,
                0.011496010659103523,
                0.06797742352356624,
                0.08075343284950175,
                0.3105927558549432,
                0.05420498503161768,
                0.19379166338270815,
                0.01019810092221746,
                0.025901326826050848,
                0.015738344738697042
            ],
