[
    {
        "T": 1079,
        "best_arm": 0,
        "w_s": [
            [
                0.4969529478376382,
                0.21651907890242786,
                0.28652797325993395
            ],
            [
                0.4694671223147893,
                0.23364395703684124,
                0.29688892064836936
            ],
            [
                0.5008534386007863,
                0.2191600169170112,
                0.27998654448220245
            ],
            [
                0.48364608493720307,
                0.22743010602190677,
                0.2889238090408902
            ],
            [
                0.47246970244127856,
                0.23304646360540873,
                0.29448383395331273
            ],
            [
                0.49018333341042863,
                0.22482662841451084,
                0.2849900381750606
            ],
            [
                0.4777301664127003,
                0.23059737255602591,
                0.291672461031274
            ],
            [
                0.49019090316899405,
                0.22489589403571422,
                0.28491320279529175
            ],
            [
                0.5191468132007738,
                0.2119881189233277,
                0.2688650678758986
            ],
            [
                0.5250912105582314,
                0.20938716115000577,
                0.2655216282917629
            ],
            [
                0.5159248013877445,
                0.21346115702371168,
                0.27061404158854374
            ],
            [
                0.5201891558076263,
                0.21157368816001007,
                0.26823715603236364
            ],
            [
                0.5187183362039952,
                0.2122177233021565,
                0.2690639404938483
            ],
            [
                0.5186704140066998,
                0.21223942115187464,
                0.26909016484142556
            ],
            [
                0.5221830559517792,
                0.2107141659810481,
                0.26710277806717275
            ],
            [
                0.5155307659593762,
                0.21362487743245456,
                0.27084435660816925
            ],
            [
                0.5202292605354603,
                0.2115692314734532,
                0.26820150799108655
            ],
            [
                0.5188555986903969,
                0.21216674558128049,
                0.26897765572832255
            ],
            [
                0.5228620531164979,
                0.2104299396121958,
                0.2667080072713062
            ],
            [
                0.5130967881846771,
                0.21454168755147965,
                0.27236152426384336
            ],
            [
                0.5124837411950517,
                0.21479651065365374,
                0.27271974815129457
            ],
            [
                0.5079612921628607,
                0.21664242005376522,
                0.2753962877833741
            ],
            [
                0.5230578988647896,
                0.21047590777670172,
                0.26646619335850863
            ],
            [
                0.5185102483621675,
                0.2123119820348171,
                0.2691777696030154
            ],
            [
                0.5142291515516321,
                0.2140097928558396,
                0.27176105559252833
            ],
            [
                0.514497844060729,
                0.2139038593401916,
                0.2715982965990793
            ],
            [
                0.5133073086110581,
                0.214373852027319,
                0.272318839361623
            ],
            [
                0.5161205394508863,
                0.2132614290858562,
                0.27061803146325747
            ],
            [
                0.5156603977760613,
                0.2134437778936843,
                0.27089582433025444
            ],
            [
                0.5084039024935447,
                0.21629390557808192,
                0.2753021919283733
            ],
            [
                0.5118298858015852,
                0.21494469608120936,
                0.2732254181172054
            ],
            [
                0.5114498102648133,
                0.21509466577544162,
                0.2734555239597451
            ],
            [
                0.5111792107153874,
                0.2152015256801108,
                0.2736192636045018
            ],
            [
                0.5135386929519212,
                0.21427009025011148,
                0.27219121679796726
            ],
            [
                0.510503288191138,
                0.21545900114361302,
                0.274037710665249
            ],
            [
                0.5051753337821744,
                0.2175637559763651,
                0.2772609102414605
            ],
            [
                0.5050213449589429,
                0.21762480955446664,
                0.2773538454865905
            ],
            [
                0.5048954346680997,
                0.21767472770034954,
                0.27742983763155077
            ],
            [
                0.5047223122406275,
                0.2177434478877976,
                0.27753423987157494
            ],
            [
                0.5074678157112054,
                0.21665293750618486,
                0.2758792467826098
            ],
            [
                0.5067849363526522,
                0.21692440706408173,
                0.27629065658326607
            ],
            [
                0.5066986331083293,
                0.21695871786830795,
                0.2763426490233628
            ],
            [
                0.5021399055213103,
                0.21878845095804042,
                0.2790716435206493
            ],
            [
                0.5021670775879454,
                0.21877818252827355,
                0.27905473988378104
            ],
            [
                0.49997762568476195,
                0.21965671926243172,
                0.2803656550528063
            ],
            [
                0.5086709334247582,
                0.2161610590760506,
                0.2751680074991912
            ],
            [
                0.5080343697587818,
                0.21641762668288225,
                0.27554800355833586
            ],
            [
                0.5044052493072795,
                0.2178589241299246,
                0.27773582656279583
            ],
            [
                0.5019573185532411,
                0.21883734863774998,
                0.27920533280900883
            ],
            [
                0.5041543430512788,
                0.21795846700881302,
                0.2778871899399082
            ],
            [
                0.5055902730866567,
                0.21738271332004946,
                0.2770270135932939
            ],
            [
                0.5054842679170691,
                0.2174251910898709,
                0.27709054099305996
            ],
            [
                0.5036038505481706,
                0.21818307397093678,
                0.2782130754808927
            ],
            [
                0.5035442406060657,
                0.21820709035743002,
                0.2782486690365042
            ],
            [
                0.5034795165518653,
                0.2182331281436714,
                0.27828735530446325
            ],
            [
                0.5034218719621806,
                0.21825636121389327,
                0.278321766823926
            ],
            [
                0.5033628545268451,
                0.2182801254398038,
                0.27835702003335094
            ],
            [
                0.5049448782657578,
                0.2176434881106273,
                0.27741163362361476
            ],
            [
                0.5064829042490585,
                0.21702357678736475,
                0.27649351896357666
            ],
            [
                0.5079652609848526,
                0.2164255934990744,
                0.2756091455160731
            ],
            [
                0.5062783034859459,
                0.21710964673629227,
                0.2766120497777617
            ],
            [
                0.504639442594217,
                0.2177692014863833,
                0.27759135591939965
            ],
            [
                0.5045715731609436,
                0.21779650528550448,
                0.277631921553552
            ],
            [
                0.5030109099187877,
                0.21841995359615676,
                0.2785691364850555
            ],
            [
                0.5059186831555352,
                0.21725932985517926,
                0.27682198698928545
            ],
            [
                0.5058516821070353,
                0.21728624479775419,
                0.27686207309521044
            ],
            [
                0.5074690091876225,
                0.2166365823094914,
                0.27589440850288616
            ],
            [
                0.5042551606994974,
                0.2179232765740849,
                0.27782156272641767
            ],
            [
                0.5041999064867514,
                0.21794542454981625,
                0.2778546689634323
            ],
            [
                0.5057332391888145,
                0.2173309690216309,
                0.27693579178955463
            ],
            [
                0.5068229102074557,
                0.21689397911345693,
                0.2762831106790874
            ],
            [
                0.504017172614301,
                0.21802581571172505,
                0.27795701167397385
            ],
            [
                0.5039700643494072,
                0.21804486872247605,
                0.27798506692811664
            ],
            [
                0.5039154546695256,
                0.21806695574288087,
                0.27801758958759365
            ],
            [
                0.5051459728546576,
                0.21756956632919305,
                0.2772844608161494
            ],
            [
                0.5038197945665305,
                0.218103074737031,
                0.2780771306964385
            ],
            [
                0.5037663882301338,
                0.2181245439087164,
                0.2781090678611497
            ],
            [
                0.5049725191575204,
                0.21763803519310865,
                0.2773894456493709
            ],
            [
                0.5061236852310319,
                0.21717314275177377,
                0.27670317201719435
            ],
            [
                0.5047957617357917,
                0.21771144775485482,
                0.2774927905093535
            ],
            [
                0.5047765544454518,
                0.2177192546159133,
                0.2775041909386348
            ],
            [
                0.5082800750023189,
                0.216299117069929,
                0.2754208079277521
            ],
            [
                0.5095777362321977,
                0.21577230738064915,
                0.2746499563871532
            ],
            [
                0.5103348760142975,
                0.21546479574452818,
                0.2742003282411743
            ],
            [
                0.5091129804064632,
                0.21595870236867962,
                0.2749283172248571
            ],
            [
                0.5090102379884305,
                0.21600020228015354,
                0.2749895597314159
            ],
            [
                0.5077928121212438,
                0.21649364093640558,
                0.27571354694235056
            ],
            [
                0.5088582857898615,
                0.21606194997623684,
                0.2750797642339017
            ],
            [
                0.5100339590011104,
                0.21558531701168523,
                0.2743807239872043
            ],
            [
                0.5108271149974045,
                0.2152636293152775,
                0.27390925568731805
            ],
            [
                0.5117354607372862,
                0.21489518226790627,
                0.2733693569948075
            ],
            [
                0.5095463369463767,
                0.21578740745490615,
                0.27466625559871705
            ],
            [
                0.5094453276858244,
                0.21582864577387886,
                0.2747260265402968
            ],
            [
                0.5083176348233096,
                0.21628702401660743,
                0.27539534116008285
            ],
            [
                0.5061874218110741,
                0.2171530560330872,
                0.27665952215583856
            ],
            [
                0.5038022841744682,
                0.218116307148314,
                0.27808140867721776
            ],
            [
                0.504071286193549,
                0.21800753908969697,
                0.27792117471675404
            ],
            [
                0.5039872898675817,
                0.21804149079848734,
                0.2779712193339311
            ],
            [
                0.5063543711863444,
                0.21708452176540072,
                0.2765611070482549
            ],
            [
                0.5058230695226055,
                0.21729951619114074,
                0.27687741428625373
            ],
            [
                0.5069573297337678,
                0.21684060652937165,
                0.27620206373686046
            ],
            [
                0.5067266500299581,
                0.21693427905424983,
                0.2763390709157921
            ],
            [
                0.5066303842534359,
                0.2169733561302779,
                0.2763962596162864
            ],
            [
                0.506610023354515,
                0.2169816187728561,
                0.2764083578726289
            ]
        ],
        "lambdas": [
            0.7553368210172232,
            2.6794314989451293,
            4.476234643922958,
            4.632361756354507,
            5.45585584923122,
            7.521422426634695,
            9.170122945356653,
            8.77166629962133,
            9.661638011204117,
            10.099077524759156,
            13.223387686403093,
            14.141962786427396,
            14.23343608899989,
            17.54733879281384,
            17.07176629182653,
            18.020403152711864,
            21.48790690446857,
            22.58042516789112,
            25.824156637741453,
            26.2172640614181,
            24.124850837205678,
            25.667996271944354,
            25.288079392308326,
            27.346873887717397,
            28.374843030560875,
            31.069732931116413,
            28.467565202114457,
            30.484396701980643,
            31.640299073652308,
            32.81358881922302,
            34.13979012851392,
            35.83390820226575,
            36.74384909762074,
            37.025685269948724,
            37.192818480629455,
            38.348789772004636,
            42.45464555526446,
            42.406667254564624,
            41.562694460290686,
            43.176105711479806,
            43.89834474226864,
            45.010547661464756,
            45.608847542641286,
            46.486724767236424,
            48.03205877285713,
            48.965786067619085,
            50.31449702634374,
            50.9280430855372,
            52.201408414143515,
            52.08091880200436,
            54.7700336543415,
            56.61416134253315,
            57.192751289556114,
            57.22145676468486,
            54.76501779092127,
            55.61630435942448,
            57.688292888685524,
            59.15017412038768,
            60.84754202029757,
            62.26168752251169,
            61.57072221089615,
            61.96978068363351,
            63.080988549251195,
            61.4274329887827,
            61.536733820603416,
            62.35142869783665,
            62.994047545354206,
            64.16292006990524,
            65.55038093873335,
            66.7515986163078,
            69.0733140411918,
            71.77172693849249,
            72.7747125534489,
            77.17412614146734,
            77.46239689836348,
            78.9985728954339,
            79.86195407696408,
            80.72267521891027,
            83.78330303119975,
            85.1525325631644,
            86.35136317195746,
            85.48906637863293,
            88.4798681052871,
            87.22165297279759,
            88.19712523231031,
            90.43793808956343,
            92.51109390392415,
            92.50618902643606,
            90.9856017811141,
            91.10920064155502,
            90.88759702490427,
            93.20197264146016,
            94.62002545639469,
            92.89931627383416,
            94.37076749380716,
            93.66333222484448,
            93.54010740461476,
            95.48184766164857,
            96.73418861234684,
            96.25428180536699,
            96.1014901819184,
            100.84826563520795,
            101.14748116956343,
            102.99080138926612,
            104.73378574506204
        ],
        "betas": [
            34.96513211235896,
            37.05069949515422,
            38.15922039967697,
            39.07262312617223,
            39.77084312512622,
            40.29076757179581,
            40.752945356881256,
            41.132797551289606,
            41.451541993136956,
            41.754172829291655,
            42.05451929577471,
            42.307623391964995,
            42.549544526861155,
            42.81137811892127,
            43.0183397791081,
            43.25181055031963,
            43.445430192728836,
            43.647110535154404,
            43.82218505677502,
            44.02073819086542,
            44.195222203049255,
            44.36502503483836,
            44.491235005180314,
            44.64914391041601,
            44.80412663790996,
            44.949547674725096,
            45.07863571520609,
            45.20337380801968,
            45.32949473549901,
            45.459680871615866,
            45.57778716089372,
            45.69232171367376,
            45.80619948066471,
            45.9070355721157,
            46.01923175371017,
            46.1322900674362,
            46.23153676890614,
            46.32825204801324,
            46.42256060595748,
            46.51684969217426,
            46.60078941518416,
            46.69081873177398,
            46.785704125168635,
            46.86944391169243,
            46.95460556784377,
            47.025004539072235,
            47.09847589429097,
            47.188882524848225,
            47.264250307979225,
            47.33990021064139,
            47.40287573340095,
            47.475885282786116,
            47.54863882696184,
            47.617194643183765,
            47.68621127681486,
            47.75234338319527,
            47.81733022662865,
            47.878586832419195,
            47.938829433320976,
            47.99809151699864,
            48.06156947884206,
            48.125446212348166,
            48.18434553947163,
            48.24471132372154,
            48.29705948282534,
            48.35334311139285,
            48.40878784492125,
            48.46707940240367,
            48.52088666938255,
            48.573925953542044,
            48.621854223130654,
            48.67911279612815,
            48.72998136786546,
            48.780165417619244,
            48.82762012135973,
            48.87855136767777,
            48.92801099803333,
            48.97243365876206,
            49.01751065087721,
            49.067129932414296,
            49.113012168255274,
            49.150248770091366,
            49.19628194280559,
            49.23565330206116,
            49.28253978003273,
            49.32586006504158,
            49.37161524364372,
            49.41210152910508,
            49.45395158765747,
            49.49068875198203,
            49.529876576319396,
            49.575006601062455,
            49.61507470183224,
            49.65744299380132,
            49.700990303002385,
            49.74136655492465,
            49.78228920553509,
            49.8201972144234,
            49.85771407354324,
            49.89173930432983,
            49.92855218801863,
            49.96345351809658,
            49.99956776420069,
            50.0353330185549,
            50.06665429206835
        ],
        "lambda_lbs": [
            0.09791403235408472,
            0.8251128030180666,
            1.5748176580007942,
            1.748060671134338,
            2.166833792107963,
            3.125499382556174,
            3.814263513764116,
            3.7593940055852584,
            3.830924833315412,
            4.143316223956509,
            5.472887598788949,
            5.916999439319617,
            6.32301657919177,
            8.049878377718727,
            7.857629131063235,
            8.103585569220881,
            9.749413114716669,
            10.453099059237852,
            12.034993310264053,
            12.524437516200203,
            11.704892759982732,
            12.744456083702087,
            11.807180574684583,
            12.293183094246467,
            12.495775809297964,
            13.883848115109082,
            12.954216454235695,
            13.889488465524433,
            14.621595823453513,
            14.897920223034887,
            15.486313470068728,
            16.469110078620723,
            17.191296911709593,
            17.233873249206617,
            17.04747109666425,
            17.813307475100384,
            19.934077988109234,
            20.115882561706098,
            19.90752718677015,
            20.73078189123153,
            21.20502013672562,
            22.020288986167763,
            23.14902597048974,
            22.371044294583704,
            24.18445795449117,
            23.809387683876448,
            24.7419963886055,
            23.14388930633932,
            25.009788410106584,
            24.894218845529206,
            25.036018059118746,
            27.326916186137414,
            27.454326291858298,
            27.71652767867937,
            26.691591176603858,
            27.334745361678866,
            28.582657379967767,
            29.265771434565995,
            30.065683806256086,
            30.725980654233606,
            30.22652486162226,
            30.620212979464696,
            31.39546046311259,
            29.19776584324002,
            29.06191740455721,
            30.585429819687835,
            30.900931917629553,
            31.268127654126104,
            32.16442512426428,
            32.75332063136932,
            33.82568366632859,
            34.55035826888729,
            35.26949495738072,
            37.64630721577693,
            37.75214842626824,
            38.78001368268863,
            39.373658292416714,
            39.15702010227141,
            40.60957910553976,
            41.046593580809024,
            41.877515109605135,
            41.01776340691302,
            42.3940314892037,
            41.80074889851794,
            42.483660790094845,
            43.81281671062348,
            44.58722399192666,
            44.55778066329778,
            43.83624120195147,
            43.90306896303521,
            43.7725083197199,
            44.27963444597285,
            45.200919192551474,
            44.58649722369914,
            45.11988759833019,
            44.64680700643712,
            44.79177130040335,
            45.95638933187607,
            46.34322915996164,
            46.27537015803056,
            46.2116996404552,
            48.054763532254256,
            48.43610257846398,
            49.55781365490808,
            50.351042098944596
        ],
        "true_lambdas": [
            0.7554093845927887,
            2.679439848136396,
            4.476312789885988,
            4.632561074754516,
            5.455875258277581,
            7.521433528690968,
            9.170139499852507,
            8.771742329137012,
            9.661707301696673,
            10.099453765774019,
            13.223400215214713,
            14.142063287800969,
            14.233514007612659,
            17.547539409678272,
            17.071784158346517,
            18.020711752229023,
            21.488014293336825,
            22.580544344335806,
            25.824697762046423,
            26.217349119493576,
            24.124933993458022,
            25.668054045431553,
            25.288435104899296,
            27.347116785752483,
            28.37503433310807,
            31.069793490073316,
            28.467638902130535,
            30.485105866376365,
            31.641271426099618,
            32.813590134242844,
            34.13989000456848,
            35.834062317016674,
            36.74423760996212,
            37.02646987723412,
            37.19285011200695,
            38.34879677044168,
            42.45528923539224,
            42.407269673808074,
            41.5639292883058,
            43.17610757226727,
            43.89932482740693,
            45.01165048163286,
            45.608969823152876,
            46.48695738188597,
            48.03295648473543,
            48.966905366345664,
            50.315128500422716,
            50.92816810513967,
            52.20221407773227,
            52.08167266953642,
            54.77010316784366,
            56.61479988833134,
            57.19294141723347,
            57.222974728917734,
            54.76559776382629,
            55.61761400705325,
            57.68829978019161,
            59.150313210043684,
            60.8477837185278,
            62.261810786729185,
            61.57249582172208,
            61.97118915458956,
            63.080989382588854,
            61.42875507407078,
            61.53712832646323,
            62.3522088207081,
            62.99425654304244,
            64.16327187645814,
            65.5503810893361,
            66.75165647766158,
            69.07405793779867,
            71.77219081981738,
            72.77631384386473,
            77.17452841083991,
            77.46239948133618,
            79.0002196681775,
            79.86214215688774,
            80.72268185703743,
            83.78350916099443,
            85.15330662133482,
            86.35143000995956,
            85.48907977057613,
            88.48084936365039,
            87.22290013943277,
            88.19801577074307,
            90.43802153950945,
            92.5120930076478,
            92.50644042110521,
            90.98587031400606,
            91.11171778630705,
            90.88760147227234,
            93.20296014311286,
            94.62204037918895,
            92.9001911156881,
            94.37132373100731,
            93.66409653065438,
            93.54011016156821,
            95.48184879357981,
            96.73501691920404,
            96.2561042968804,
            96.1029953388193,
            100.85013645528981,
            101.1493930923482,
            102.99316117534597,
            104.73533166324921
        ],
        "beta2s": [
            50.26484431580594,
            52.35041169860119,
            53.45893260312395,
            54.37233532961922,
            55.07055532857321,
            55.59047977524279,
            56.05265756032824,
            56.432509754736586,
            56.75125419658394,
            57.053885032738634,
            57.3542314992217,
            57.607335595411975,
            57.84925673030814,
            58.11109032236825,
            58.31805198255508,
            58.55152275376661,
            58.745142396175815,
            58.946822738601384,
            59.121897260222,
            59.32045039431241,
            59.494934406496235,
            59.66473723828534,
            59.79094720862729,
            59.94885611386299,
            60.103838841356946,
            60.249259878172076,
            60.37834791865308,
            60.503086011466664,
            60.629206938946,
            60.759393075062846,
            60.87749936434071,
            60.99203391712075,
            61.10591168411169,
            61.206747775562675,
            61.31894395715715,
            61.43200227088319,
            61.531248972353126,
            61.62796425146023,
            61.72227280940446,
            61.81656189562125,
            61.90050161863114,
            61.99053093522096,
            62.08541632861562,
            62.169156115139415,
            62.25431777129075,
            62.324716742519215,
            62.39818809773796,
            62.48859472829521,
            62.56396251142621,
            62.639612414088376,
            62.702587936847934,
            62.775597486233096,
            62.84835103040882,
            62.91690684663075,
            62.98592348026184,
            63.05205558664225,
            63.117042430075635,
            63.178299035866175,
            63.23854163676795,
            63.29780372044563,
            63.36128168228904,
            63.42515841579514,
            63.48405774291861,
            63.54442352716852,
            63.59677168627232,
            63.65305531483983,
            63.708500048368236,
            63.76679160585064,
            63.820598872829535,
            63.87363815698903,
            63.92156642657764,
            63.978824999575124,
            64.02969357131245,
            64.07987762106623,
            64.12733232480672,
            64.17826357112476,
            64.2277232014803,
            64.27214586220904,
            64.3172228543242,
            64.36684213586128,
            64.41272437170225,
            64.44996097353834,
            64.49599414625257,
            64.53536550550814,
            64.58225198347971,
            64.62557226848857,
            64.6713274470907,
            64.71181373255206,
            64.75366379110446,
            64.790400955429,
            64.82958877976638,
            64.87471880450944,
            64.91478690527921,
            64.9571551972483,
            65.00070250644937,
            65.04107875837164,
            65.08200140898208,
            65.11990941787037,
            65.15742627699022,
            65.1914515077768,
            65.22826439146561,
            65.26316572154356,
            65.29927996764766,
            65.33504522200188,
            65.36636649551534
        ]
    }
]