[
    {
        "T": 9767,
        "best_arm": 0,
        "w_s": [
            [
                0.3748458264829752,
                0.21687968234794075,
                0.4082744911690841
            ],
            [
                0.3739065893110461,
                0.2610054628123473,
                0.3650879478766065
            ],
            [
                0.010361330577579455,
                0.48505855109453766,
                0.5045801183278829
            ],
            [
                0.012759239611094807,
                0.4786017142479772,
                0.5086390461409279
            ],
            [
                0.2978029647256594,
                0.32818161479109736,
                0.3740154204832433
            ],
            [
                0.2105520463978465,
                0.29843909266506885,
                0.49100886093708473
            ],
            [
                0.133407469838682,
                0.4721839542566218,
                0.39440857590469613
            ],
            [
                0.02299246333404695,
                0.4884948834427994,
                0.48851265322315357
            ],
            [
                0.01769366849214829,
                0.4941058245256034,
                0.4882005069822483
            ],
            [
                0.06838883728338371,
                0.39870543348610027,
                0.5329057292305159
            ],
            [
                0.05888220469254283,
                0.4863200687613212,
                0.4547977265461359
            ],
            [
                0.03808178179593982,
                0.3887745635673417,
                0.5731436546367186
            ],
            [
                0.02304493026581542,
                0.5135794073427792,
                0.4633756623914054
            ],
            [
                0.01078068207938596,
                0.5064898405838157,
                0.4827294773367982
            ],
            [
                0.34035796894076004,
                0.2742321304619194,
                0.3854099005973206
            ],
            [
                0.39291602007111076,
                0.2653403253838049,
                0.34174365454508426
            ],
            [
                0.319774725958123,
                0.26946864184740615,
                0.41075663219447084
            ],
            [
                0.39903884645171894,
                0.2578967636284228,
                0.3430643899198583
            ],
            [
                0.10573793621979977,
                0.4439126380747398,
                0.45034942570546044
            ],
            [
                0.02695550163456024,
                0.5189997231682689,
                0.45404477519717096
            ],
            [
                0.013838962915932779,
                0.5811091648059605,
                0.4050518722781066
            ],
            [
                0.015325668988207086,
                0.47467322029766457,
                0.5100011107141283
            ],
            [
                0.023683022715581703,
                0.46050833671708924,
                0.515808640567329
            ],
            [
                0.034221569494071014,
                0.37638678569108924,
                0.5893916448148399
            ],
            [
                0.11009099066547198,
                0.37051720039123076,
                0.5193918089432973
            ],
            [
                0.0876823667162537,
                0.4546585034620118,
                0.4576591298217345
            ],
            [
                0.07736583230171484,
                0.5416464671124002,
                0.380987700585885
            ],
            [
                0.07005035492450305,
                0.4977148353188024,
                0.43223480975669454
            ],
            [
                0.10426997482940634,
                0.42739992912207503,
                0.4683300960485187
            ],
            [
                0.026380998510220886,
                0.45308572995643587,
                0.5205332715333433
            ],
            [
                0.01611978251133236,
                0.45557202683456877,
                0.528308190654099
            ],
            [
                0.016870034755317852,
                0.5784813563283965,
                0.4046486089162856
            ],
            [
                0.036063915989815835,
                0.43417639890332443,
                0.5297596851068597
            ],
            [
                0.06312006047514858,
                0.44381224983381634,
                0.493067689691035
            ],
            [
                0.09917039004580729,
                0.391908001507699,
                0.5089216084464937
            ],
            [
                0.09526183644655783,
                0.4561746642450895,
                0.44856349930835254
            ],
            [
                0.06812386541699327,
                0.4686856752544191,
                0.46319045932858754
            ],
            [
                0.10276062811398208,
                0.3912989091735584,
                0.5059404627124595
            ],
            [
                0.10206876177541077,
                0.44871705173185206,
                0.44921418649273714
            ],
            [
                0.0771251808691882,
                0.41135823214332895,
                0.5115165869874829
            ],
            [
                0.12677417158191753,
                0.4206916022846835,
                0.45253422613339905
            ],
            [
                0.13145840427390962,
                0.3855167525158127,
                0.48302484321027755
            ],
            [
                0.19352166823293018,
                0.4025029831179714,
                0.40397534864909845
            ],
            [
                0.1450105714340308,
                0.4019892207144652,
                0.4530002078515039
            ],
            [
                0.14933927044063575,
                0.39133086479761436,
                0.4593298647617498
            ],
            [
                0.14844796828339563,
                0.4142747034606524,
                0.43727732825595206
            ],
            [
                0.18124862859086366,
                0.3986647634549871,
                0.42008660795414937
            ],
            [
                0.35872544622766617,
                0.3934116378744419,
                0.24786291589789192
            ],
            [
                0.3836018647799823,
                0.3837617347339052,
                0.23263640048611242
            ],
            [
                0.5572423191988611,
                0.3892211405113787,
                0.05353654028976029
            ],
            [
                0.5385183367518163,
                0.4308977833240689,
                0.030583879924114796
            ],
            [
                0.5021386351988657,
                0.45073155955839744,
                0.047129805242736945
            ],
            [
                0.36957549936247125,
                0.3162956570169949,
                0.31412884362053384
            ],
            [
                0.323863293852739,
                0.30914127414120735,
                0.3669954320060536
            ],
            [
                0.586544472721383,
                0.4019222096808223,
                0.011533317597794695
            ],
            [
                0.5970018619543235,
                0.3801395514664183,
                0.022858586579258287
            ],
            [
                0.516766202327465,
                0.46128989027113404,
                0.02194390740140106
            ],
            [
                0.3932143493081129,
                0.5980843841052216,
                0.00870126658666559
            ],
            [
                0.401425907617192,
                0.5915195174187372,
                0.007054574964070893
            ],
            [
                0.3515131988700625,
                0.40780399432405556,
                0.2406828068058819
            ],
            [
                0.43541175185622466,
                0.5580646358461587,
                0.006523612297616604
            ],
            [
                0.5885992388480477,
                0.4041246065997342,
                0.007276154552218088
            ],
            [
                0.6037503868489716,
                0.38528396881274574,
                0.01096564433828262
            ],
            [
                0.43142277774461696,
                0.5546787311507356,
                0.013898491104647389
            ],
            [
                0.44745925823659294,
                0.5346017278048346,
                0.017939013958572454
            ],
            [
                0.4744144000349777,
                0.5087123724887116,
                0.01687322747631066
            ],
            [
                0.6117469192771079,
                0.3779209304426991,
                0.01033215028019307
            ],
            [
                0.4888278258652126,
                0.49962243682136587,
                0.011549737313421668
            ],
            [
                0.4647308189879299,
                0.44525344085018,
                0.09001574016189007
            ],
            [
                0.6032939293018573,
                0.38893564032085565,
                0.007770430377287142
            ],
            [
                0.5017621643172779,
                0.48853226423240625,
                0.009705571450315767
            ],
            [
                0.5061593672090434,
                0.48014814486355495,
                0.013692487927401579
            ],
            [
                0.5837110530695075,
                0.40906124613375344,
                0.00722770079673903
            ],
            [
                0.47432706851989004,
                0.5165950580474407,
                0.009077873432669295
            ],
            [
                0.5270820298895308,
                0.46423916915466096,
                0.00867880095580833
            ],
            [
                0.5127945824424311,
                0.47589526024063106,
                0.01131015731693789
            ],
            [
                0.49997114858743785,
                0.4855518249468557,
                0.014477026465706377
            ],
            [
                0.5837533017134143,
                0.4049737846176272,
                0.011272913668958565
            ],
            [
                0.4145050303500996,
                0.56975545925299,
                0.015739510396910395
            ],
            [
                0.4627869728491805,
                0.5194966915003366,
                0.01771633565048285
            ],
            [
                0.5107539843088778,
                0.45827196386100705,
                0.030974051830115142
            ],
            [
                0.6014301706359173,
                0.3609218475485654,
                0.037647981815517234
            ],
            [
                0.4527268136598524,
                0.5059542558611733,
                0.0413189304789744
            ],
            [
                0.4497723331161344,
                0.5053211285585383,
                0.04490653832532721
            ],
            [
                0.518379262451123,
                0.42838386642564785,
                0.05323687112322919
            ],
            [
                0.5993982150276678,
                0.35137971740774476,
                0.04922206756458738
            ],
            [
                0.4177939927503449,
                0.53046128403744,
                0.05174472321221512
            ],
            [
                0.3717650986386327,
                0.5819560766086522,
                0.04627882475271517
            ],
            [
                0.36416308277626314,
                0.5774828202048785,
                0.05835409701885839
            ],
            [
                0.42587275727346835,
                0.5195269735216539,
                0.05460026920487775
            ],
            [
                0.45624186878819545,
                0.4748392538374582,
                0.06891887737434638
            ],
            [
                0.45281325932460864,
                0.4600895025754782,
                0.08709723809991321
            ],
            [
                0.3764068014643724,
                0.5478064083520631,
                0.07578679018356452
            ],
            [
                0.4455913168857042,
                0.46422574277610557,
                0.0901829403381902
            ],
            [
                0.4116708397892578,
                0.5061087616167121,
                0.08222039859402994
            ],
            [
                0.4935862089608712,
                0.4288245813221879,
                0.07758920971694085
            ],
            [
                0.4844441013487228,
                0.448702125372413,
                0.06685377327886416
            ],
            [
                0.43649425822538584,
                0.4939384931065828,
                0.06956724866803138
            ],
            [
                0.3612843486585898,
                0.5761329657579102,
                0.06258268558350007
            ],
            [
                0.4782786550132556,
                0.45987011817664497,
                0.061851226810099434
            ],
            [
                0.4148507188014103,
                0.5224869951901809,
                0.0626622860084088
            ],
            [
                0.5562312002457234,
                0.3844773910088473,
                0.059291408745429354
            ],
            [
                0.45440322919099835,
                0.48354499460936223,
                0.06205177619963924
            ],
            [
                0.5731030915426708,
                0.3673097438644417,
                0.0595871645928876
            ],
            [
                0.48139130175328765,
                0.45159732451934237,
                0.06701137372737005
            ],
            [
                0.47235211062563404,
                0.45182309365736034,
                0.07582479571700568
            ],
            [
                0.3853869760311438,
                0.5463727379274044,
                0.06824028604145176
            ],
            [
                0.40845774990361217,
                0.5171105194434261,
                0.07443173065296178
            ],
            [
                0.4920724251882021,
                0.42783359867001414,
                0.08009397614178382
            ],
            [
                0.4729524624495329,
                0.4489191441151528,
                0.07812839343531436
            ],
            [
                0.5673660136801065,
                0.35613936182877975,
                0.07649462449111373
            ],
            [
                0.3542433058870237,
                0.5749312709581224,
                0.07082542315485396
            ],
            [
                0.5742434766167961,
                0.36356174045493145,
                0.062194782928272456
            ],
            [
                0.5407458614473923,
                0.3924770075172323,
                0.06677713103537533
            ],
            [
                0.5664343810773337,
                0.37179585723298403,
                0.06176976168968225
            ],
            [
                0.3828777786432711,
                0.5534405972949423,
                0.06368162406178651
            ],
            [
                0.4146283702827854,
                0.5184367456529814,
                0.06693488406423327
            ],
            [
                0.36261340601388525,
                0.5652307625405022,
                0.07215583144561262
            ],
            [
                0.43198132562860864,
                0.4997875116737528,
                0.06823116269763843
            ],
            [
                0.5724350622884073,
                0.3650633257235429,
                0.06250161198804982
            ],
            [
                0.5117471056461427,
                0.4316367226255383,
                0.056616171728319016
            ],
            [
                0.41138479079780615,
                0.5329138596529648,
                0.05570134954922902
            ],
            [
                0.36498133015301765,
                0.5785313656260613,
                0.05648730422092103
            ],
            [
                0.48728520953163823,
                0.45151859309922965,
                0.06119619736913225
            ],
            [
                0.5744353348135868,
                0.37218477639035213,
                0.0533798887960611
            ],
            [
                0.3623591073731484,
                0.5787660244843277,
                0.05887486814252405
            ],
            [
                0.519201404862545,
                0.4185168291975459,
                0.06228176593990916
            ],
            [
                0.5363377383425738,
                0.4026370684882714,
                0.061025193169154814
            ],
            [
                0.3438006276058017,
                0.5791915565782972,
                0.07700781581590108
            ],
            [
                0.42490883283460884,
                0.5050235022913511,
                0.0700676648740402
            ],
            [
                0.461348525737341,
                0.4679884601824622,
                0.07066301408019673
            ],
            [
                0.58242821590646,
                0.34682842815136666,
                0.07074335594217335
            ],
            [
                0.36076495322278285,
                0.5603883868276499,
                0.07884665994956735
            ],
            [
                0.4490177571819013,
                0.47207571939865917,
                0.0789065234194396
            ],
            [
                0.41389216080002655,
                0.5115650008751603,
                0.07454283832481318
            ],
            [
                0.47648125057981394,
                0.4500476611128565,
                0.07347108830732968
            ],
            [
                0.4626883621987384,
                0.4525389310240633,
                0.08477270677719828
            ],
            [
                0.5762069267108758,
                0.35126649223250916,
                0.0725265810566151
            ],
            [
                0.5794388119407763,
                0.34607678075367154,
                0.07448440730555213
            ],
            [
                0.43882257285105125,
                0.47778102743161377,
                0.08339639971733494
            ],
            [
                0.4270451030999533,
                0.48216479508389026,
                0.09079010181615643
            ],
            [
                0.34771642297649064,
                0.5605669423897129,
                0.09171663463379649
            ],
            [
                0.49020288777449517,
                0.411807781910506,
                0.09798933031499875
            ],
            [
                0.5662822264880835,
                0.3486098071854726,
                0.08510796632644406
            ],
            [
                0.5015512358051988,
                0.40332628588942016,
                0.09512247830538105
            ],
            [
                0.4148711496246338,
                0.4939190146500053,
                0.09120983572536079
            ],
            [
                0.4293715663328703,
                0.4735675753102658,
                0.09706085835686386
            ],
            [
                0.3500324118877587,
                0.5471281413341418,
                0.1028394467780996
            ],
            [
                0.45243101234405886,
                0.4516206453754153,
                0.09594834228052593
            ],
            [
                0.4997969904743551,
                0.4037931736232838,
                0.09640983590236107
            ],
            [
                0.5641337587895596,
                0.3523424074971958,
                0.08352383371324454
            ],
            [
                0.5285660286666491,
                0.38318020548215076,
                0.08825376585120018
            ],
            [
                0.40922431691575867,
                0.5054376232029715,
                0.08533805988126995
            ],
            [
                0.3628117596323051,
                0.5427994357691192,
                0.09438880459857574
            ],
            [
                0.47100103892820655,
                0.43876356684477896,
                0.09023539422701436
            ],
            [
                0.47505885422512883,
                0.43447250292553324,
                0.0904686428493379
            ],
            [
                0.46565533531444653,
                0.4451381608225303,
                0.08920650386302316
            ],
            [
                0.45465571600951027,
                0.454637996322388,
                0.0907062876681017
            ],
            [
                0.35138480604840305,
                0.5563830788377541,
                0.09223211511384292
            ],
            [
                0.4427470111971336,
                0.46197952412560356,
                0.09527346467726286
            ],
            [
                0.42067399531314753,
                0.48543138026562754,
                0.09389462442122495
            ],
            [
                0.37270682197717303,
                0.5409119201431541,
                0.08638125787967295
            ],
            [
                0.5341023590078535,
                0.38472473727487483,
                0.08117290371727166
            ],
            [
                0.46212959831638867,
                0.4461101696521224,
                0.09176023203148904
            ],
            [
                0.4314962692148047,
                0.4767101726236628,
                0.09179355816153242
            ],
            [
                0.45113065946474223,
                0.4502986324285016,
                0.09857070810675615
            ],
            [
                0.408613189768736,
                0.48713660435205236,
                0.10425020587921159
            ],
            [
                0.40894165948628436,
                0.48927611399525245,
                0.1017822265184632
            ],
            [
                0.45724018789470444,
                0.4426883040101837,
                0.10007150809511182
            ],
            [
                0.40901471634345754,
                0.49166189857149134,
                0.0993233850850512
            ],
            [
                0.4344926898570103,
                0.45760814851578907,
                0.10789916162720055
            ],
            [
                0.5418414194444346,
                0.36483371418638155,
                0.09332486636918372
            ],
            [
                0.46232239690370913,
                0.4294304756359607,
                0.10824712746033016
            ],
            [
                0.48032728071985725,
                0.4099311586763332,
                0.1097415606038097
            ],
            [
                0.5246721011200987,
                0.3778214603586689,
                0.09750643852123252
            ],
            [
                0.5567766215546828,
                0.34464849762245137,
                0.09857488082286578
            ],
            [
                0.4501876153924879,
                0.4503098534435546,
                0.09950253116395734
            ],
            [
                0.471841866564448,
                0.42777984984055933,
                0.10037828359499262
            ],
            [
                0.4648279691261783,
                0.42864838518896947,
                0.10652364568485226
            ],
            [
                0.3488977443184056,
                0.5480253161915869,
                0.1030769394900076
            ],
            [
                0.5308281888018462,
                0.37291965083653306,
                0.09625216036162075
            ],
            [
                0.5443626573844155,
                0.35778688248890633,
                0.0978504601266782
            ],
            [
                0.45924928178054936,
                0.4348827259900446,
                0.10586799222940595
            ],
            [
                0.35606536449755094,
                0.5390552849032338,
                0.10487935059921531
            ],
            [
                0.3615589111844673,
                0.5318305867291674,
                0.10661050208636527
            ],
            [
                0.4265701100758263,
                0.4633477908904205,
                0.11008209903375327
            ],
            [
                0.44915510699901934,
                0.4392090271102943,
                0.11163586589068626
            ],
            [
                0.4279994861200525,
                0.4428658056524138,
                0.12913470822753373
            ],
            [
                0.5236471128528283,
                0.3645873710174255,
                0.1117655161297462
            ],
            [
                0.436954479032692,
                0.4481984467501674,
                0.11484707421714065
            ],
            [
                0.4572316241726922,
                0.42465488357877956,
                0.11811349224852835
            ],
            [
                0.47830743379197665,
                0.41244021239467815,
                0.10925235381334521
            ],
            [
                0.4435541305386335,
                0.43870155671352634,
                0.11774431274784013
            ],
            [
                0.3719751710202504,
                0.5052408948685175,
                0.12278393411123209
            ],
            [
                0.35609106168153604,
                0.5248131645702652,
                0.11909577374819878
            ],
            [
                0.4662010097376601,
                0.42411702521784095,
                0.10968196504449902
            ],
            [
                0.3490312405314364,
                0.5370933015166763,
                0.11387545795188728
            ],
            [
                0.45005140104953767,
                0.4254563336684643,
                0.12449226528199803
            ],
            [
                0.44430390901809746,
                0.43168318266216743,
                0.12401290831973515
            ],
            [
                0.47477794911595195,
                0.4149841909283596,
                0.11023785995568852
            ],
            [
                0.46826156322820883,
                0.4065356743122275,
                0.12520276245956358
            ],
            [
                0.5103480121983387,
                0.37552325652544355,
                0.11412873127621784
            ],
            [
                0.35773644642156893,
                0.5142261730987793,
                0.1280373804796518
            ],
            [
                0.42303622078388337,
                0.4419018964254158,
                0.13506188279070092
            ],
            [
                0.4579090971921463,
                0.4138153700892497,
                0.12827553271860395
            ],
            [
                0.3484401113719963,
                0.5174531708746999,
                0.1341067177533037
            ],
            [
                0.4599674992185055,
                0.40790045648473233,
                0.13213204429676206
            ],
            [
                0.46639186905984137,
                0.4130643475258937,
                0.12054378341426498
            ],
            [
                0.46266496105527943,
                0.41880386021762045,
                0.1185311787271001
            ],
            [
                0.41930360388841914,
                0.46384933749142243,
                0.11684705862015834
            ],
            [
                0.34172864477208115,
                0.5371869071477882,
                0.12108444808013079
            ],
            [
                0.49520483972991813,
                0.39555985722890763,
                0.10923530304117415
            ],
            [
                0.45873865369740036,
                0.42389200119321657,
                0.11736934510938313
            ],
            [
                0.4237985802706,
                0.47010598809654297,
                0.10609543163285703
            ],
            [
                0.4002376966987232,
                0.4918528833852827,
                0.10790941991599415
            ],
            [
                0.43396412360428416,
                0.46367465467639524,
                0.1023612217193206
            ],
            [
                0.453878686506652,
                0.44128164001764514,
                0.1048396734757029
            ],
            [
                0.3699354653471043,
                0.5329708253772751,
                0.09709370927562049
            ],
            [
                0.4434189931780458,
                0.4565780063944592,
                0.10000300042749512
            ],
            [
                0.48862067552962946,
                0.4140080628002784,
                0.09737126167009222
            ],
            [
                0.5010049311661045,
                0.40739817758728913,
                0.09159689124660635
            ],
            [
                0.40709396137807524,
                0.49930781046199735,
                0.09359822815992735
            ],
            [
                0.4442654189403072,
                0.459718986349,
                0.09601559471069278
            ],
            [
                0.42454389901636996,
                0.48193361687944947,
                0.09352248410418064
            ],
            [
                0.40249725405550296,
                0.5104480276326508,
                0.08705471831184615
            ],
            [
                0.45976669786196195,
                0.445435121956013,
                0.09479818018202513
            ],
            [
                0.3737137646106849,
                0.5427320291537939,
                0.08355420623552119
            ],
            [
                0.40347589644420023,
                0.5119687501038264,
                0.08455535345197342
            ],
            [
                0.4070121432787083,
                0.5084751902816379,
                0.0845126664396537
            ],
            [
                0.43827180744834493,
                0.4736066543734898,
                0.08812153817816523
            ],
            [
                0.4939701495616172,
                0.4208151446417123,
                0.08521470579667031
            ],
            [
                0.43498215860584294,
                0.46965085429777254,
                0.09536698709638446
            ],
            [
                0.48164701868388,
                0.42707676037407033,
                0.09127622094204976
            ],
            [
                0.4804481078786054,
                0.4213138372211507,
                0.09823805490024377
            ],
            [
                0.4745958347109473,
                0.4227750446366793,
                0.10262912065237349
            ],
            [
                0.5608279954849112,
                0.35352879103864837,
                0.08564321347644031
            ],
            [
                0.3919003501621062,
                0.5117754779810963,
                0.0963241718567975
            ],
            [
                0.4970688535447341,
                0.41273569818071343,
                0.09019544827455248
            ],
            [
                0.3470604749441225,
                0.5631939932960158,
                0.08974553175986165
            ],
            [
                0.4849393303649834,
                0.42302666511367465,
                0.092034004521342
            ],
            [
                0.49094874403555055,
                0.4197187043420244,
                0.0893325516224251
            ],
            [
                0.42848831067465143,
                0.47583810379628844,
                0.09567358552906007
            ],
            [
                0.529047663167667,
                0.38510064182796017,
                0.08585169500437274
            ],
            [
                0.3577931310913787,
                0.5536031198750437,
                0.08860374903357751
            ],
            [
                0.376916317938488,
                0.5318158106870973,
                0.09126787137441474
            ],
            [
                0.3560166835080352,
                0.5530061946479831,
                0.09097712184398166
            ],
            [
                0.4044613435964735,
                0.5054204039440046,
                0.09011825245952187
            ],
            [
                0.5633993566337564,
                0.35421450249574576,
                0.08238614087049788
            ],
            [
                0.5504960056816566,
                0.36461285308767966,
                0.08489114123066394
            ],
            [
                0.4395768784251987,
                0.46265323823112925,
                0.09776988334367205
            ],
            [
                0.46755304848851664,
                0.4330160762822634,
                0.09943087522921988
            ],
            [
                0.43360796393756956,
                0.4638356402912421,
                0.10255639577118843
            ],
            [
                0.3591544366010757,
                0.5482834217654027,
                0.0925621416335217
            ],
            [
                0.41900207304385534,
                0.4896011289340826,
                0.09139679802206219
            ],
            [
                0.483673057950115,
                0.4230567497944942,
                0.09327019225539075
            ],
            [
                0.5047159284852955,
                0.4080241110988566,
                0.08725996041584798
            ],
            [
                0.46334686315385604,
                0.4505764686439841,
                0.0860766682021599
            ],
            [
                0.4975294778528754,
                0.4093772957572988,
                0.0930932263898257
            ],
            [
                0.43830592814372055,
                0.47081739165049274,
                0.09087668020578663
            ],
            [
                0.5732673278828371,
                0.34482929090062203,
                0.08190338121654074
            ],
            [
                0.5682683517745502,
                0.34883166215999345,
                0.08289998606545654
            ],
            [
                0.45065552268062375,
                0.45365047419321064,
                0.09569400312616563
            ],
            [
                0.5289772126027582,
                0.3831764920832538,
                0.08784629531398791
            ],
            [
                0.4288240546602526,
                0.4792747544608003,
                0.09190119087894713
            ],
            [
                0.4707464476426593,
                0.4320596635589696,
                0.09719388879837107
            ],
            [
                0.4566498695382532,
                0.4494013530968219,
                0.09394877736492482
            ],
            [
                0.464103223846927,
                0.4516166999043358,
                0.0842800762487371
            ],
            [
                0.46107658444561284,
                0.44928110505445207,
                0.08964231049993523
            ],
            [
                0.4487309159371918,
                0.4530980068734991,
                0.09817107718930922
            ],
            [
                0.5618625522588574,
                0.3585437930435172,
                0.07959365469762544
            ],
            [
                0.45555835360028385,
                0.4552987488428525,
                0.08914289755686373
            ],
            [
                0.4735568700611537,
                0.44142932663572854,
                0.08501380330311781
            ],
            [
                0.4728437996207201,
                0.43986793569996896,
                0.08728826467931093
            ],
            [
                0.4483357100087396,
                0.46490709279106723,
                0.08675719720019318
            ],
            [
                0.5115912317059282,
                0.4034010394416589,
                0.08500772885241283
            ],
            [
                0.5044744445158724,
                0.4091027815831789,
                0.0864227739009486
            ],
            [
                0.48068939451192916,
                0.43653132383209264,
                0.08277928165597818
            ],
            [
                0.4325186704282452,
                0.47924565792910945,
                0.08823567164264537
            ],
            [
                0.4321147029848017,
                0.47896418307010263,
                0.08892111394509576
            ],
            [
                0.4726205988978818,
                0.43098648994656213,
                0.09639291115555607
            ],
            [
                0.3584714153071858,
                0.5371580251345623,
                0.10437055955825184
            ],
            [
                0.5238662672742993,
                0.38018604535513695,
                0.09594768737056382
            ],
            [
                0.37781617260017386,
                0.5164298597261431,
                0.10575396767368311
            ],
            [
                0.38610018933733237,
                0.5053298082160579,
                0.10857000244660976
            ],
            [
                0.3684213410835154,
                0.5278175608066379,
                0.10376109810984666
            ],
            [
                0.4260765288142361,
                0.4740995149562915,
                0.09982395622947254
            ],
            [
                0.39810910421527745,
                0.5051204788699124,
                0.09677041691481016
            ],
            [
                0.4521506680342435,
                0.4451908779413627,
                0.1026584540243938
            ],
            [
                0.46648088884017,
                0.4306582135804825,
                0.10286089757934752
            ],
            [
                0.35496908229900215,
                0.5478941243422076,
                0.09713679335879023
            ],
            [
                0.42216769006041616,
