[
    {
        "T": 241,
        "best_arm": 0,
        "w_s": [
            [
                0.33333333206932697,
                0.3333333358601321,
                0.33333333207054083
            ],
            [
                0.3333333333509005,
                0.33333333329894566,
                0.33333333335015386
            ],
            [
                0.3333333333963992,
                0.33333333320753333,
                0.33333333339606724
            ],
            [
                0.3333333354603229,
                0.33333332907983465,
                0.3333333354598425
            ],
            [
                0.3333333333630858,
                0.3333333332731554,
                0.3333333333637587
            ],
            [
                0.3333333333766171,
                0.3333333332469763,
                0.3333333333764067
            ],
            [
                0.33333296396859624,
                0.3333340720611285,
                0.3333329639705322
            ],
            [
                0.33333333325375125,
                0.3333333334919318,
                0.33333333325431697
            ],
            [
                0.33333333335821175,
                0.33333333328433756,
                0.3333333333574506
            ],
            [
                0.33333333336088905,
                0.3333333332779356,
                0.3333333333611752
            ],
            [
                0.33333333411903343,
                0.333333331762111,
                0.3333333341188557
            ],
            [
                0.33333333341023724,
                0.33333333317978775,
                0.33333333340997506
            ],
            [
                0.3333333333364553,
                0.3333333333268854,
                0.3333333333366592
            ],
            [
                0.33333333335684356,
                0.33333333328696835,
                0.333333333356188
            ],
            [
                0.3333333332779153,
                0.33333333344440214,
                0.3333333332776825
            ],
            [
                0.3333333333430337,
                0.3333333333145287,
                0.3333333333424375
            ],
            [
                0.33333333336255205,
                0.3333333332755075,
                0.33333333336194043
            ],
            [
                0.33333333323293185,
                0.3333333335337618,
                0.3333333332333065
            ],
            [
                0.33333333339488236,
                0.33333333321000275,
                0.33333333339511484
            ],
            [
                0.3333333334048178,
                0.3333333331907748,
                0.33333333340440724
            ],
            [
                0.33333333331059584,
                0.3333333333796188,
                0.3333333333097853
            ],
            [
                0.33333333336656146,
                0.3333333332667273,
                0.3333333333667112
            ],
            [
                0.33333333336969906,
                0.33333333326077336,
                0.3333333333695275
            ],
            [
                0.3333333333734948,
                0.3333333332528604,
                0.3333333333736448
            ]
        ],
        "lambdas": [
            2.0932422288924486,
            1.5346599999352373,
            1.9983402087819162,
            2.2377984154924886,
            3.92733852031774,
            4.58703373046976,
            4.190232622476849,
            6.810437774046152,
            8.582896899253193,
            10.684434187888531,
            11.071756895526248,
            11.28154388295896,
            11.5329268495245,
            13.342989172759907,
            11.426502768586893,
            13.82707013662683,
            13.887400826455996,
            16.890142136687324,
            17.150729167723618,
            18.25157736934755,
            18.522412076967438,
            18.734327918250525,
            18.45738105750352,
            19.33825135541757,
            20.115199283708975
        ],
        "betas": [
            15.14155941921932,
            16.506318947120114,
            17.20758832033289,
            17.688663996085456,
            18.022753742661244,
            18.277080105036077,
            18.483906077708436,
            18.65353052220678,
            18.805277084012634,
            18.93686563179063,
            19.05193357825558,
            19.153772600798543,
            19.247600361080558,
            19.334259981215826,
            19.412637409570024,
            19.485140392508143,
            19.552257902904586,
            19.61503130316526,
            19.673445134978753,
            19.728634558929148,
            19.779980858418813,
            19.829592749643293,
            19.87549870169906,
            19.919887836199468,
            19.923986480232195
        ]
    },
    {
        "T": 297,
        "best_arm": 0,
        "w_s": [
            [
                0.333333279801813,
                0.3333334403931778,
                0.3333332798050091
            ],
            [
                0.33333333623582273,
                0.33333332766804435,
                0.33333333609613297
            ],
            [
                0.3333333295579701,
                0.3333333408846186,
                0.3333333295574112
            ],
            [
                0.3333333333705358,
                0.33333333325882136,
                0.33333333337064297
            ],
            [
                0.3333333340615738,
                0.33333333187824815,
                0.33333333406017823
            ],
            [
                0.3333333332591075,
                0.3333333334814527,
                0.33333333325943976
            ],
            [
                0.33333333322494435,
                0.33333333355000044,
                0.333333333225055
            ],
            [
                0.33333333340982996,
                0.3333333331803975,
                0.33333333340977256
            ],
            [
                0.33333332476905553,
                0.33333335046198576,
                0.3333333247689587
            ],
            [
                0.3333333333743248,
                0.3333333332515127,
                0.33333333337416254
            ],
            [
                0.33333333345810956,
                0.33333333308389623,
                0.3333333334579942
            ],
            [
                0.3333333333874494,
                0.3333333332242233,
                0.3333333333883272
            ],
            [
                0.33333333329646336,
                0.3333333334081746,
                0.3333333332953619
            ],
            [
                0.333333333316006,
                0.33333333336803445,
                0.3333333333159595
            ],
            [
                0.33333333333672766,
                0.3333333333266808,
                0.3333333333365915
            ],
            [
                0.333333333435301,
                0.3333333331293437,
                0.3333333334353552
            ],
            [
                0.33333333333283816,
                0.33333333333457577,
                0.333333333332586
            ],
            [
                0.33333333321417374,
                0.33333333357175865,
                0.33333333321406755
            ],
            [
                0.3333333333350956,
                0.3333333333294524,
                0.33333333333545184
            ],
            [
                0.33333333341115107,
                0.3333333331774877,
                0.3333333334113611
            ],
            [
                0.33333333335343057,
                0.33333333329309656,
                0.33333333335347287
            ],
            [
                0.33333333330720155,
                0.3333333333859695,
                0.333333333306829
            ],
            [
                0.3333333332656922,
                0.3333333334683063,
                0.33333333326600145
            ],
            [
                0.33333333332576937,
                0.3333333333481935,
                0.33333333332603715
            ],
            [
                0.33333333331125703,
                0.33333333337795257,
                0.3333333333107903
            ],
            [
                0.33333330959003626,
                0.33333338081905184,
                0.3333333095909118
            ],
            [
                0.33333332893389506,
                0.3333333421302642,
                0.3333333289358408
            ],
            [
                0.3333333331911965,
                0.3333333336180667,
                0.33333333319073677
            ]
        ],
        "lambdas": [
            3.737077187056492,
            6.640759294345109,
            6.665989434652163,
            7.175711565169662,
            8.576526368065947,
            6.55862268852775,
            6.386196980290621,
            7.887035950276576,
            6.225768580221436,
            8.11216658740424,
            9.192986476241765,
            12.74998492071726,
            15.574029707862964,
            15.125400509401954,
            12.55837116500483,
            14.041723346023254,
            16.27925647309703,
            16.57475369792558,
            17.43321539331828,
            16.111891127228507,
            18.549647994434824,
            17.827061142143933,
            18.729173849586477,
            18.8928531055116,
            18.585572987251513,
            17.36695882649201,
            18.04967106042986,
            19.68463594762936,
            20.792903416937904
        ],
        "betas": [
            16.441453385367517,
            17.245208692494305,
            17.695761029955744,
            18.011379445764014,
            18.262971701942966,
            18.47863445554077,
            18.6501014417365,
            18.800781899145612,
            18.929469733376607,
            19.04355503624852,
            19.145868042562142,
            19.246450043800593,
            19.333147600980396,
            19.410846771092945,
            19.484210108371713,
            19.552257902904586,
            19.614951710428453,
            19.673657090098565,
            19.728886901543248,
            19.780831222666123,
            19.83005306163447,
            19.876612607871696,
            19.920902123042506,
            19.962962301059594,
            20.003215847358955,
            20.041695878343127,
            20.078543569395542,
            20.113995716632548,
            20.137885518403703
        ]
    },
    {
        "T": 360,
        "best_arm": 0,
        "w_s": [
            [
                0.3333333354362622,
                0.3333333291291342,
                0.3333333354346036
            ],
            [
                0.3333333371565454,
                0.3333333256869843,
                0.33333333715647034
            ],
            [
                0.3333333347556009,
                0.3333333304900601,
                0.3333333347543384
            ],
            [
                0.3333333350963973,
                0.33333332980698377,
                0.33333333509661905
            ],
            [
                0.33333333471833115,
                0.33333333056423214,
                0.33333333471743665
            ],
            [
                0.3333333087401555,
                0.3333333825195447,
                0.33333330874029987
            ],
            [
                0.33333333169018353,
                0.3333333366201133,
                0.33333333168970325
            ],
            [
                0.33333336340633996,
                0.3333332731891017,
                0.3333333634045583
            ],
            [
                0.33333333620819755,
                0.33333332758298145,
                0.33333333620882105
            ],
            [
                0.3333333346642369,
                0.3333333306713525,
                0.3333333346644105
            ],
            [
                0.33333333647947155,
                0.3333333270406213,
                0.3333333364799072
            ],
            [
                0.33333332226727114,
                0.33333335546448706,
                0.3333333222682415
            ],
            [
                0.33333330375423387,
                0.3333333924884587,
                0.33333330375730735
            ],
            [
                0.33333334263761694,
                0.3333333147234109,
                0.3333333426389724
            ],
            [
                0.3333333281998709,
                0.3333333436003323,
                0.3333333281997968
            ],
            [
                0.3333333337938577,
                0.3333333324134239,
                0.3333333337927183
            ],
            [
                0.3333333367321989,
                0.3333333265359776,
                0.33333333673182364
            ],
            [
                0.3333333375683566,
                0.3333333248654535,
                0.33333333756619
            ],
            [
                0.3333333371667935,
                0.3333333256634865,
                0.3333333371697202
            ],
            [
                0.33333331827399104,
                0.3333333634513723,
                0.3333333182746367
            ],
            [
                0.3333333465534993,
                0.3333333068906093,
                0.3333333465558915
            ],
            [
                0.3333333342739867,
                0.3333333314518363,
                0.33333333427417716
            ],
            [
                0.3333333290817531,
                0.33333334183466745,
                0.3333333290835794
            ],
            [
                0.33333333246310065,
                0.3333333350727704,
                0.33333333246412894
            ],
            [
                0.3333333288750934,
                0.3333333422472126,
                0.333333328877694
            ],
            [
                0.33333333273740773,
                0.3333333345251356,
                0.3333333327374567
            ],
            [
                0.33333333286657235,
                0.3333333342650242,
                0.3333333328684034
            ],
            [
                0.3333333368075433,
                0.3333333263842254,
                0.33333333680823124
            ],
            [
                0.3333333487860509,
                0.3333333024270749,
                0.33333334878687404
            ],
            [
                0.3333333505287377,
                0.33333329894265806,
                0.3333333505286044
            ],
            [
                0.3333331986557142,
                0.33333360268659956,
                0.33333319865768624
            ],
            [
                0.3333333098246561,
                0.3333333803518255,
                0.3333333098235185
            ],
            [
                0.33333332826659795,
                0.3333333434677799,
                0.3333333282656222
            ],
            [
                0.33333335478897946,
                0.3333332904253683,
                0.33333335478565207
            ],
            [
                0.333333290469092,
                0.33333341906090636,
                0.3333332904700017
            ],
            [
                0.33333327068621926,
                0.33333345862748087,
                0.33333327068629987
            ]
        ],
        "lambdas": [
            0.2915143993535755,
            0.5889335342193582,
            0.14176253873566905,
            0.8483947685389348,
            2.3696097512472654,
            2.855954674596204,
            3.9756915375102206,
            3.557742223437981,
            3.4127448450677047,
            3.258141394119683,
            3.423898009622387,
            5.680054476108197,
            6.789848495950341,
            6.621836055109566,
            5.425241925305821,
            5.880568975492263,
            5.7247176846732835,
            6.4115353968160536,
            8.130589734425943,
            7.684742505413199,
            7.877377579253275,
            7.904263636230281,
            8.141697951213839,
            10.866532102158155,
            12.113376157183875,
            12.854802180808088,
            14.505209009400883,
            14.145631909956885,
            14.41821658253113,
            15.181629789701438,
            16.05893276705676,
            15.832720231291814,
            16.61641856891449,
            17.769499094693707,
            19.46751298685414,
            20.659439347692917,
            20.659439347692917
        ],
        "betas": [
            15.075991537867361,
            16.341940497476465,
            17.20758832033289,
            17.688663996085456,
            18.001272872302536,
            18.262971701942966,
            18.473986435803845,
            18.65596852502511,
            18.806395782050892,
            18.93568835211376,
            19.050028882469743,
            19.15062360131763,
            19.244967675769797,
            19.32755274822601,
            19.408450314901874,
            19.482552400330285,
            19.547905146721025,
            19.609913669614127,
            19.667976137417142,
            19.723753508297726,
            19.77628003913265,
            19.824915621653446,
            19.8720022842356,
            19.914829018471178,
            19.95752871256701,
            19.998232796594145,
            20.035396955911033,
            20.074311319114635,
            20.109263678345563,
            20.143541132551842,
            20.177096051263682,
            20.20876839634162,
            20.2392944514177,
            20.268255140041592,
            20.295697792527623,
            20.322760173005005,
            20.322760173005005
        ]
    },
    {
        "T": 254,
        "best_arm": 0,
        "w_s": [
            [
                0.3333333254805402,
                0.33333334903927553,
                0.33333332548018424
            ],
            [
                0.3333333333136379,
                0.3333333333726337,
                0.3333333333137284
            ],
            [
                0.3333333332150628,
                0.3333333335697725,
                0.33333333321516456
            ],
            [
                0.3333333329933101,
                0.3333333340134239,
                0.3333333329932661
            ],
            [
                0.3333333332823933,
                0.33333333343549565,
                0.33333333328211084
            ],
            [
                0.33333333330220005,
                0.33333333339544247,
                0.3333333333023575
            ],
            [
                0.33333338647033844,
                0.3333332270598023,
                0.3333333864698592
            ],
            [
                0.3333333664487865,
                0.3333332671000565,
                0.33333336645115713
            ],
            [
                0.33333334164236084,
                0.3333333167133441,
                0.3333333416442952
            ],
            [
                0.33333333401715715,
                0.3333333319659545,
                0.3333333340168883
            ],
            [
                0.3333333379660154,
                0.33333332406758054,
                0.3333333379664039
            ],
            [
                0.3333333299877984,
                0.33333334002503995,
                0.3333333299871616
            ],
            [
                0.33333333963008815,
                0.3333333207395353,
                0.3333333396303764
            ],
            [
                0.3333333334995211,
                0.3333333330010356,
                0.3333333334994431
            ],
            [
                0.33333333301649587,
                0.3333333339674158,
                0.3333333330160882
            ],
            [
                0.33333331638509095,
                0.33333336722895984,
                0.3333333163859494
            ],
            [
                0.3333333239956694,
                0.33333335200882386,
                0.33333332399550675
            ],
            [
                0.33333333015785666,
                0.333333339682766,
                0.33333333015937744
            ],
            [
                0.3333333762806314,
                0.33333324743845977,
                0.3333333762809088
            ],
            [
                0.33333330471206146,
                0.3333333905722821,
                0.3333333047156565
            ],
            [
                0.33333331093728985,
                0.33333337812505714,
                0.33333331093765306
            ],
            [
                0.3333333333038542,
                0.3333333333920572,
                0.3333333333040887
            ],
            [
                0.33333333371687696,
                0.3333333325671229,
                0.33333333371599994
            ],
            [
                0.33333333340657456,
                0.33333333318734476,
                0.3333333334060805
            ],
            [
                0.33333333338815724,
                0.3333333332237452,
                0.3333333333880974
            ]
        ],
        "lambdas": [
            0.33803665744133254,
            1.2942974371894866,
            3.046840349073666,
            4.192158196277009,
            4.113681793613231,
            4.784192736992514,
            3.818948199113779,
            3.4977414423944517,
            3.1255584133409693,
            2.498436689742093,
            3.69083748594608,
            4.586034775575814,
            5.553456030803698,
            6.999431779000178,
            9.016442812335145,
            9.346617487149672,
            8.96189394906068,
            8.993255403430462,
            9.022520117571379,
            11.46287604713158,
            10.71337356505808,
            15.391539854165671,
            17.310940406136776,
            17.66270088859941,
            19.93746112922472,
            20.251381014243854
        ],
        "betas": [
            14.851832774638385,
            16.506318947120114,
            17.245208692494305,
            17.676681244206364,
            18.024162587781692,
            18.278010202287838,
            18.48193423138881,
            18.65596852502511,
            18.805277084012634,
            18.93568835211376,
            19.050028882469743,
            19.153772600798543,
            19.247600361080558,
            19.33384309428882,
            19.410846771092945,
            19.484210108371713,
            19.549087436967643,
            19.611117454145337,
            19.67117906054954,
            19.727307794077266,
            19.78037786554943,
            19.828209381265708,
            19.873683498437984,
            19.91670528405006,
            19.959980953572206,
            19.976407412781438
        ]
    },
    {
        "T": 365,
        "best_arm": 0,
        "w_s": [
            [
                0.3333333337618903,
                0.3333333324743774,
                0.33333333376373225
            ],
            [
                0.33333333277374905,
                0.33333333445023017,
                0.3333333327760208
            ],
            [
                0.3333333662344256,
                0.33333326753129694,
                0.33333336623427745
            ],
            [
                0.3333333351692651,
                0.3333333296622207,
                0.33333333516851427
            ],
            [
                0.333333333383604,
                0.33333333323249703,
                0.3333333333838989
            ],
            [
                0.3333333332434752,
                0.33333333351294037,
                0.3333333332435844
            ],
            [
                0.33333333331942155,
                0.3333333333617568,
                0.3333333333188215
            ],
            [
                0.3333333333690188,
                0.3333333332625262,
                0.3333333333684549
            ],
            [
                0.3333333333353447,
                0.3333333333293586,
                0.3333333333352968
            ],
            [
                0.3333333254978754,
                0.3333333490038984,
                0.33333332549822614
            ],
            [
                0.3333333186961092,
                0.3333333626085983,
                0.3333333186952925
            ],
            [
                0.33333333322743014,
                0.33333333354516625,
                0.3333333332274036
            ],
            [
                0.3333333332732638,
                0.3333333334530137,
                0.33333333327372244
            ],
            [
                0.333333333489622,
                0.3333333330203324,
                0.3333333334900454
            ],
            [
                0.3333333332687805,
                0.33333333346156185,
                0.3333333332696577
            ],
            [
                0.3333333333754498,
                0.3333333332492742,
                0.3333333333752761
            ],
            [
                0.33333333333804754,
                0.3333333333240031,
                0.3333333333379494
            ],
            [
                0.3333333332816554,
                0.33333333343645116,
                0.33333333328189346
            ],
            [
                0.33333333331844756,
                0.33333333336333015,
                0.3333333333182224
            ],
            [
                0.33333333333428417,
                0.33333333333183784,
                0.33333333333387816
            ],
            [
                0.3333333332512139,
                0.3333333334976591,
                0.33333333325112685
            ],
            [
                0.3333333325009447,
                0.3333333350003657,
                0.3333333324986895
            ],
            [
                0.3333333333772598,
                0.3333333332450779,
                0.33333333337766213
            ],
            [
                0.333333336599674,
                0.3333333268024556,
                0.33333333659787034
            ],
            [
                0.3333333423047531,
                0.33333331539168937,
                0.33333334230355754
            ],
            [
                0.33333336274753567,
                0.33333327450583106,
                0.3333333627466332
            ],
            [
                0.33333333918306174,
                0.3333333216349406,
                0.3333333391819977
            ],
            [
                0.3333333511855173,
                0.3333332976323048,
                0.3333333511821779
            ],
            [
                0.3333333303364114,
                0.3333333393285732,
                0.3333333303350154
            ],
            [
                0.3333333304965043,
                0.33333333900520024,
                0.33333333049829533
            ],
            [
                0.33333334919430624,
                0.3333333016120338,
                0.33333334919365987
            ],
            [
                0.33333335139903486,
                0.33333329720139526,
                0.33333335139956977
            ],
            [
                0.33333333655097774,
                0.33333332689738393,
                0.33333333655163827
            ],
            [
                0.33333333799542053,
                0.3333333240116266,
                0.33333333799295284
            ],
            [
                0.33333330100746245,
                0.33333339798569744,
                0.33333330100684017
            ],
            [
                0.33333334726759867,
                0.3333333054643281,
                0.33333334726807323
            ]
        ],
        "lambdas": [
            0.09346100845379092,
            0.47309891437376667,
            1.7402209183496478,
            2.5039835733879934,
            3.4526044784072996,
            5.526605522035534,
            4.6992451298316205,
            6.31288158627567,
            6.43797057326131,
            5.5073691632019495,
            7.017161412030638,
            9.355693604205786,
            10.655784848862003,
            9.995385695889595,
            12.162700064682808,
            13.074559305297065,
            13.50830315388147,
            13.690316533093476,
            14.368184612057519,
            14.706891464546171,
            14.67745206691627,
            14.601772737759605,
            15.78377424549235,
            15.556512446521804,
            14.681320792262577,
            14.010034126313021,
            13.711754981069905,
            14.116507483249402,
            14.064875783589152,
            13.577664851815204,
            13.778637164232679,
            14.943903569855996,
            13.810895236163182,
            15.455313824412203,
            16.41782508021068,
            18.811348311257273,
            20.442866322871723
        ],
        "betas": [
            14.851832774638385,
            16.54306833492769,
            17.245208692494305,
            17.695761029955744,
            18.022753742661244,
            18.278010202287838,
            18.48193423138881,
            18.645665130878367,
            18.782466957888833,
            18.912567615946557,
            19.02792209888636,
            19.139466534423008,
            19.235657280648553,
            19.320338434302734,
            19.406887105315757,
            19.478490830224843,
            19.549087436967643,
            19.613756414989044,
            19.672596476983642,
            19.728634558929148,
            19.78088786493631,
            19.83005306163447,
            19.876612607871696,
            19.920902123042506,
            19.962962301059594,
            20.00335750646565,
            20.041793679874544,
            20.078663969360367,
            20.113967847613637,
            20.147700164379668,
            20.18019048012886,
            20.211654421193618,
            20.242139113525617,
            20.271414560531053,
            20.299852435859133,
            20.32706999799499,
            20.340469684445814
        ]
    },
    {
        "T": 141,
        "best_arm": 0,
        "w_s": [
            [
                0.3333333334393435,
                0.3333333331206802,
                0.33333333343997623
            ],
            [
                0.3333333327057968,
                0.33333333458877934,
                0.3333333327054239
            ],
            [
                0.33333333473718774,
                0.3333333305251005,
                0.33333333473771176
            ],
            [
                0.3333333334842315,
                0.3333333330315559,
                0.3333333334842124
            ],
            [
                0.3333333332833282,
                0.3333333334336054,
                0.33333333328306614
            ],
            [
                0.3333333332873651,
                0.3333333334256616,
                0.3333333332869733
            ],
            [
                0.3333333333123658,
                0.33333333337580157,
                0.3333333333118326
            ],
            [
                0.3333333333542896,
                0.3333333332918749,
                0.3333333333538355
            ],
            [
                0.333333333313269,
                0.33333333337419907,
                0.33333333331253184
            ],
            [
                0.33333333348785044,
                0.33333333302461915,
                0.33333333348753025
            ],
            [
                0.3333333333620343,
                0.3333333332759918,
                0.3333333333619739
            ],
            [
                0.3333333333516299,
                0.33333333329710824,
                0.33333333335126186
            ],
            [
                0.3333333334412721,
                0.3333333331171735,
                0.33333333344155436
            ],
            [
                0.33333333334520465,
                0.3333333333091586,
                0.33333333334563675
            ]
        ],
        "lambdas": [
            3.1168792317808838,
            2.521691850548201,
            4.200368115171143,
            3.3196595698007254,
            4.178901972382455,
            7.69037564937058,
            9.244665129701042,
            11.087364964535926,
            10.613329467120705,
            10.958161760183211,
            12.503219392417533,
            15.725658391064313,
            16.674799260086587,
            18.556268505316652,
            19.51072573407011
        ],
        "betas": [
            15.075991537867361,
            16.441453385367517,
            17.249787502923127,
            17.695761029955744,
            18.024162587781692,
            18.27428204712608,
            18.48193423138881,
            18.65596852502511,
            18.805277084012634,
            18.93657152687094,
            19.05193357825558,
            19.15534075304947,
            19.248912197556663,
            19.33384309428882,
            19.341674928908894
        ]
    },
    {
        "T": 267,
        "best_arm": 0,
        "w_s": [
            [
                0.3333333521568883,
                0.33333329568599723,
                0.3333333521571145
            ],
            [
                0.3333333325275804,
                0.3333333349493418,
                0.33333333252307756
            ],
            [
                0.33333333336490173,
                0.33333333327120834,
                0.3333333333638899
            ],
            [
                0.33333333341711063,
                0.33333333316549707,
                0.33333333341739213
            ],
            [
                0.3333333334325205,
                0.333333333134876,
                0.3333333334326035
            ],
            [
                0.3333333332879862,
                0.33333333342481347,
                0.3333333332872003
            ],
            [
                0.33333333331380127,
                0.3333333333718559,
                0.33333333331434273
            ],
            [
                0.3333333333317127,
                0.33333333333764886,
                0.33333333333063836
            ],
            [
                0.333333333251821,
                0.33333333349738914,
                0.3333333332507898
            ],
            [
                0.33333333317546887,
                0.3333333336499874,
                0.3333333331745436
            ],
            [
                0.33333333331169496,
                0.3333333333771567,
                0.33333333331114817
            ],
            [
                0.33333333328681947,
                0.33333333342593835,
                0.3333333332872422
            ],
            [
                0.33333333328491344,
                0.33333333343002897,
                0.3333333332850576
            ],
            [
                0.3333333332869043,
                0.3333333334264574,
                0.33333333328663833
            ],
            [
                0.3333333333579753,
                0.33333333328416415,
                0.3333333333578603
            ],
            [
                0.3333333333426018,
                0.33333333331432247,
                0.3333333333430755
            ],
            [
                0.3333333333260683,
                0.3333333333485684,
                0.333333333325363
            ],
            [
                0.33333333333794324,
                0.33333333332385046,
                0.33333333333820614
            ],
            [
                0.33333333324514597,
                0.3333333335097877,
                0.33333333324506614
            ],
            [
                0.3333333333662938,
                0.33333333326770187,
                0.33333333336600435
            ],
            [
                0.33333333329964887,
                0.3333333334010847,
                0.33333333329926634
            ],
            [
                0.33333333328667425,
                0.33333333342634786,
                0.3333333332869779
            ],
            [
                0.33333333891279104,
                0.33333332217639805,
                0.3333333389108109
            ],
            [
                0.3333333366711612,
                0.3333333266573745,
                0.33333333667146414
            ],
            [
                0.33333328217185865,
                0.3333334356579926,
                0.3333332821701486
            ],
            [
                0.33333333479219207,
                0.3333333304154886,
                0.33333333479231936
            ]
        ],
        "lambdas": [
            2.9432911720029318,
            7.8134505673862735,
            4.219396452152941,
            4.47291342334997,
            6.2241567721758315,
            7.11835074940045,
            9.603830259309278,
            9.188194184176746,
            8.678588196514383,
            9.668548267624944,
            8.520636984419522,
            8.194400413078474,
            8.74979718989338,
            9.6671384323154,
            14.016450173754148,
            12.342386534893025,
            12.275186587106333,
            12.114899709246611,
            12.837777614108184,
            14.38851477546806,
            14.581408320209896,
            15.43701502969374,
            13.146192253746891,
            15.620245407422312,
            14.885770464079242,
            17.013038465934493,
            20.454622794250753
        ],
        "betas": [
            15.075991537867361,
            16.441453385367517,
            17.23131026453047,
            17.688663996085456,
            18.024162587781692,
            18.27428204712608,
            18.483906077708436,
            18.657912174981938,
            18.805277084012634,
            18.929469733376607,
            19.04355503624852,
            19.15062360131763,
            19.243150690464702,
            19.33217247535432,
            19.412637409570024,
            19.485037104778996,
            19.5519868666555,
            19.614951710428453,
            19.673445134978753,
            19.728634558929148,
            19.779980858418813,
            19.829848528478706,
            19.876241570983623,
            19.91942228774524,
            19.961725404060505,
            20.00208115370534,
            20.029451508010144
        ]
    },
    {
        "T": 436,
        "best_arm": 0,
        "w_s": [
            [
                0.3333333339239753,
                0.3333333321521385,
                0.33333333392388564
            ],
            [
                0.33333333444519325,
                0.33333333110906144,
                0.333333334445745
            ],
            [
                0.33333333335533816,
                0.3333333332893724,
                0.3333333333552893
            ],
            [
                0.33333333539367,
                0.3333333292116368,
                0.3333333353946933
            ],
            [
                0.3333333335769839,
                0.33333333284703265,
