[
    {
        "T": 10697,
        "best_arm": 1,
        "w_s": [
            [
                0.4255010516945126,
                0.1296739914682271,
                0.4448249568372666
            ],
            [
                0.4244707262238725,
                0.3729595997970318,
                0.20256967397910036
            ],
            [
                0.48016523562051217,
                0.4815946487098068,
                0.03824011566968088
            ],
            [
                0.34925527668912604,
                0.41912154833226484,
                0.2316231749786089
            ],
            [
                0.32619994370093136,
                0.4158332789467305,
                0.25796677735233814
            ],
            [
                0.4147934506293363,
                0.43958292487335,
                0.14562362449733302
            ],
            [
                0.4724450279226517,
                0.4753024478477066,
                0.05225252422964041
            ],
            [
                0.4855565487397314,
                0.48630734929889985,
                0.02813610196136885
            ],
            [
                0.47696763653367696,
                0.4789406521999851,
                0.04409171126633785
            ],
            [
                0.47501196428586134,
                0.4773726551519049,
                0.047615380562215294
            ],
            [
                0.47996493768134046,
                0.48148690330531546,
                0.03854815901334159
            ],
            [
                0.48772151698187205,
                0.48832636046652605,
                0.023952122551601975
            ],
            [
                0.4581795382525886,
                0.4645411656931125,
                0.07727929605429895
            ],
            [
                0.43001560884680073,
                0.4472717760912618,
                0.12271261506193766
            ],
            [
                0.4435670247700705,
                0.4550206112621294,
                0.10141236396780026
            ],
            [
                0.42797300725375287,
                0.44608144751752615,
                0.12594554522872106
            ],
            [
                0.44160927220328733,
                0.45380061135174943,
                0.1045901164449633
            ],
            [
                0.4523262232194497,
                0.4606688084419754,
                0.08700496833857493
            ],
            [
                0.4450409069242751,
                0.45595912075000167,
                0.09899997232572316
            ],
            [
                0.46508743190499446,
                0.4696486575705038,
                0.0652639105245016
            ],
            [
                0.4603432149710247,
                0.46616799304928586,
                0.0734887919796895
            ],
            [
                0.4599898989423993,
                0.46591407201737756,
                0.07409602904022335
            ],
            [
                0.4583098731025393,
                0.4647347259831279,
                0.07695540091435187
            ],
            [
                0.4668804254909506,
                0.4709996619677625,
                0.06211991254128693
            ],
            [
                0.46328023026939924,
                0.4683069637890102,
                0.06841280594159048
            ],
            [
                0.439850158227475,
                0.4527683073773112,
                0.10738153439520716
            ],
            [
                0.3625029322719593,
                0.42172901853908495,
                0.21576804918896358
            ],
            [
                0.36479629683385595,
                0.4222990354613357,
                0.21290466770480843
            ],
            [
                0.33070709040109963,
                0.4162939042164637,
                0.25299900538241477
            ],
            [
                0.1912145950819094,
                0.426959676940071,
                0.3818257279780455
            ],
            [
                0.13658056163489227,
                0.44255632205593953,
                0.42086311630916823
            ],
            [
                0.1310885975556481,
                0.44439204040421665,
                0.42451936204013546
            ],
            [
                0.14816140163765765,
                0.43882784192847896,
                0.41301075643386315
            ],
            [
                0.20205791661687353,
                0.4245065331729398,
                0.3734355502101866
            ],
            [
                0.2003207589671314,
                0.4248840651558724,
                0.37479517587699623
            ],
            [
                0.21914704382785807,
                0.4211489327526327,
                0.35970402341950913
            ],
            [
                0.2688552387883705,
                0.41491679370663304,
                0.3162279675049964
            ],
            [
                0.26336971147056243,
                0.4152692964096767,
                0.3213609921197609
            ],
            [
                0.2910962285047021,
                0.41404998621600675,
                0.29485378527929096
            ],
            [
                0.30458404623317914,
                0.41423598718455995,
                0.28117996658226074
            ],
            [
                0.2932868615493474,
                0.4140990531397762,
                0.29261408531087646
            ],
            [
                0.23031790276890002,
                0.4192423423039494,
                0.35043975492715057
            ],
            [
                0.26110599125441747,
                0.4154515837195178,
                0.32344242502606474
            ],
            [
                0.2281421846118459,
                0.419582765817404,
                0.35227504957075
            ],
            [
                0.20683673498568542,
                0.42349588167470836,
                0.36966738333960625
            ],
            [
                0.22384393700518807,
                0.4203084895358458,
                0.3558475734589662
            ],
            [
                0.24074024445070502,
                0.4177260844322786,
                0.3415336711170164
            ],
            [
                0.24105365819011776,
                0.41772040338110344,
                0.3412259384287789
            ],
            [
                0.24786100269771333,
                0.4168712466376193,
                0.33526775066466724
            ],
            [
                0.24124311518640043,
                0.41771714304190605,
                0.34103974177169355
            ],
            [
                0.2062511836995293,
                0.4236240574690233,
                0.37012475883144746
            ],
            [
                0.21782330508702333,
                0.4214285472156063,
                0.3607481476973704
            ],
            [
                0.21832752709863495,
                0.42128097065108877,
                0.36039150225027633
            ],
            [
                0.22649864409338774,
                0.4198646950366552,
                0.3536366608699571
            ],
            [
                0.2364854148349825,
                0.4183161001979634,
                0.3451984849670542
            ],
            [
                0.19930267402006524,
                0.42511037262062257,
                0.37558695335931225
            ],
            [
                0.2035824255671698,
                0.4241821885495599,
                0.37223538588327026
            ],
            [
                0.21755389675749182,
                0.42142963532868516,
                0.3610164679138231
            ],
            [
                0.20246611837517703,
                0.42442258337577476,
                0.37311129824904826
            ],
            [
                0.21816396760777754,
                0.42134747354977686,
                0.3604885588424457
            ],
            [
                0.21373378519307473,
                0.4221762189439231,
                0.36408999586300217
            ],
            [
                0.24090113188301412,
                0.41773152395071067,
                0.34136734416627523
            ],
            [
                0.23599736241795563,
                0.4184055279010208,
                0.34559710968102353
            ],
            [
                0.22748343842825258,
                0.41971756617069106,
                0.3527989954010563
            ],
            [
                0.2396035667343057,
                0.4179074881668006,
                0.3424889450988938
            ],
            [
                0.2583272455729302,
                0.41569104812562496,
                0.32598170630144496
            ],
            [
                0.3006612185561592,
                0.41413334789123113,
                0.28520543355260963
            ],
            [
                0.25703447542570446,
                0.4158096859864205,
                0.32715583858787506
            ],
            [
                0.2537895325472011,
                0.41611262763894924,
                0.33009783981384966
            ],
            [
                0.2469743434094922,
                0.4169705626770872,
                0.33605509391342053
            ],
            [
                0.2380079387381553,
                0.4181234129906962,
                0.34386864827114855
            ],
            [
                0.2151665533736705,
                0.42191842127074625,
                0.3629150253555833
            ],
            [
                0.2340624958815976,
                0.4187510190428148,
                0.3471864850755875
            ],
            [
                0.23499568020201014,
                0.4186116519339848,
                0.3463926678639865
            ],
            [
                0.24391989643821593,
                0.4173526378689302,
                0.338727465692854
            ],
            [
                0.244536390050492,
                0.4172421769298387,
                0.33822143301966934
            ],
            [
                0.27338246370914293,
                0.4146628432326246,
                0.3119546930582323
            ],
            [
                0.2532748661184534,
                0.4162113056501269,
                0.3305138282314197
            ],
            [
                0.25351755659635145,
                0.41625439045732676,
                0.33022805294632185
            ],
            [
                0.2535950586954741,
                0.4162242288004951,
                0.33018071250403086
            ],
            [
                0.22855848037496646,
                0.4195642189704171,
                0.3518773006546165
            ],
            [
                0.20992371175016578,
                0.42278563020981774,
                0.36729065804001637
            ],
            [
                0.2186312928020793,
                0.42126786129631066,
                0.3601008459016101
            ],
            [
                0.22015222857888173,
                0.42098777502675344,
                0.3588599963943646
            ],
            [
                0.2169984029084178,
                0.4215327187023474,
                0.3614688783892348
            ],
            [
                0.2323922064774603,
                0.41897323677774073,
                0.3486345567447989
            ],
            [
                0.25223168216911124,
                0.4163710456912807,
                0.331397272139608
            ],
            [
                0.2862725940452165,
                0.4141226544073411,
                0.29960475154744237
            ],
            [
                0.3021980850813196,
                0.41414794897751767,
                0.28365396594116266
            ],
            [
                0.27796343999590156,
                0.414405989912455,
                0.30763057009164346
            ],
            [
                0.2774223412553757,
                0.4143839123868252,
                0.30819374635779917
            ],
            [
                0.27147193979577844,
                0.4147362055295922,
                0.3137918546746293
            ],
            [
                0.3241534974872881,
                0.41551379939534805,
                0.2603327031173638
            ],
            [
                0.30017005166221206,
                0.41409884722150375,
                0.2857311011162841
            ],
            [
                0.29334549719539316,
                0.41406487325367175,
                0.2925896295509351
            ],
            [
                0.28877720607413815,
                0.41405184487296465,
                0.2971709490528973
            ],
            [
                0.3167427214684089,
                0.4149200407506521,
                0.2683372377809388
            ],
            [
                0.3072355870204438,
                0.41435199039387577,
                0.2784124225856804
            ],
            [
                0.2995999295688171,
                0.41409841561598265,
                0.2863016548152003
            ],
            [
                0.2904219234024115,
                0.41403504880643094,
                0.29554302779115754
            ],
            [
                0.29043201882367514,
                0.41408278076255667,
                0.295485200413768
            ],
            [
                0.3035160006899204,
                0.41420634125299055,
                0.2822776580570892
            ],
            [
                0.331573534640191,
                0.41628605657435447,
                0.2521404087854547
            ],
            [
                0.31093919597008296,
                0.4145545933605727,
                0.27450621066934433
            ],
            [
                0.3196709539846697,
                0.41514360047623905,
                0.2651854455390911
            ],
            [
                0.32895224400667555,
                0.41600081261378075,
                0.2550469433795437
            ],
            [
                0.3316258842671938,
                0.41629543481518555,
                0.2520786809176207
            ],
            [
                0.33265259733527747,
                0.41640447404449066,
                0.2509429286202318
            ],
            [
                0.34301236053736744,
                0.4179549289828483,
                0.2390327104797841
            ],
            [
                0.33425076637267703,
                0.4166000133300674,
                0.24914922029725556
            ],
            [
                0.33495741876293844,
                0.4166917780210273,
                0.2483508032160342
            ],
            [
                0.3352333250024723,
                0.41673313889262653,
                0.24803353610490117
            ],
            [
                0.33291529081164667,
                0.41654729452967487,
                0.25053741465867846
            ],
            [
                0.3386630849579235,
                0.4172942676296764,
                0.24404264741240017
            ],
            [
                0.32943931268669635,
                0.41606786621744235,
                0.2544928210958613
            ],
            [
                0.33032936040939265,
                0.41628081929875826,
                0.25338982029184903
            ],
            [
                0.34359526439076227,
                0.4180421210596557,
                0.23836261454958202
            ],
            [
                0.33306451869003684,
                0.4164346012716293,
                0.2505008800383339
            ],
            [
                0.3333122822718773,
                0.41660623118169987,
                0.25008148654642287
            ],
            [
                0.3102899460305615,
                0.41456436125560836,
                0.27514569271383016
            ],
            [
                0.30756436094277484,
                0.41443335850724106,
                0.2780022805499841
            ],
            [
                0.33109583998422376,
                0.4162418155803741,
                0.2526623444354021
            ],
            [
                0.328017887954064,
                0.4159228467834419,
                0.2560592652624941
            ],
            [
                0.3322155324111457,
                0.4164959199169774,
                0.2512885476718769
            ],
            [
                0.32540891608805683,
                0.4157655226752314,
                0.25882556123671174
            ],
            [
                0.33039318228924847,
                0.41625458763042833,
                0.2533522300803231
            ],
            [
                0.3259331760528411,
                0.4157846138940709,
                0.2582822100530561
            ],
            [
                0.33193139110614317,
                0.41642522479426697,
                0.25164338409958986
            ],
            [
                0.3268372923114716,
                0.41580550878361616,
                0.2573571989049121
            ],
            [
                0.329000471585275,
                0.41609725026044314,
                0.2549022781542819
            ],
            [
                0.3326172633165369,
                0.41652317744430073,
                0.2508595592391624
            ],
            [
                0.33157832174349783,
                0.41636639597274683,
                0.25205528228375546
            ],
            [
                0.33414388477629964,
                0.4167167217469715,
                0.24913939347672873
            ],
            [
                0.3446692816110135,
                0.4182122151804732,
                0.2371185032085134
            ],
            [
                0.35029559842635044,
                0.4191948311148739,
                0.23050957045877563
            ],
            [
                0.3555991992662043,
                0.4202338632286489,
                0.22416693750514669
            ],
            [
                0.3717606725600897,
                0.4240463345439345,
                0.20419299289597595
            ],
            [
                0.36378427720180967,
                0.422041339808286,
                0.21417438298990443
            ],
            [
                0.35347445506597047,
                0.4198165164687989,
                0.22670902846523064
            ],
            [
                0.35469332127622943,
                0.4200540326325495,
                0.2252526460912211
            ],
            [
                0.3537293394332496,
                0.41986074895125974,
                0.22640991161549062
            ],
            [
                0.351210127756808,
                0.4193755129550688,
                0.22941435928812312
            ],
            [
                0.34127708779814614,
                0.4176742062243257,
                0.24104870597752814
            ],
            [
                0.3462228052328288,
                0.41848315089730637,
                0.2352940438698648
            ],
            [
                0.3458602230610751,
                0.4184176742650319,
                0.2357221026738931
            ],
            [
                0.3418420553655139,
                0.4177621576633141,
                0.2403957869711722
            ],
            [
                0.3448704659028005,
                0.41826213387843963,
                0.23686740021875977
            ],
            [
                0.3483463127521199,
                0.4188585128011834,
                0.23279517444669656
            ],
            [
                0.3586253091312021,
                0.4208889899482763,
                0.22048570092052155
            ],
            [
                0.35918600065502754,
                0.42101256163414563,
                0.21980143771082686
            ],
            [
                0.3573403347220581,
                0.42061080359171343,
                0.22204886168622853
            ],
            [
                0.36861174593537177,
                0.42321433222061783,
                0.20817392184401062
            ],
            [
                0.37791776001035904,
                0.4257824490174115,
                0.19629979097222938
            ],
            [
                0.3875717982860511,
                0.4287006905063403,
                0.18372751120760858
            ],
            [
                0.388101144856822,
                0.42882629621829643,
                0.1830725589248816
            ],
            [
                0.376794064386318,
                0.42545368736127603,
                0.19775224825240587
            ],
            [
                0.37576732657784995,
                0.4251601066635992,
                0.19907256675855076
            ],
            [
                0.3822576779529968,
                0.42702750623370533,
                0.19071481581329783
            ],
            [
                0.37938753522399077,
                0.4262235347640162,
                0.19438893001193505
            ],
            [
                0.379238141710686,
                0.4261726916751415,
                0.19458916661417253
            ],
            [
                0.37966782114621495,
                0.42630042678245594,
                0.19403175207132925
            ],
            [
                0.38526315080166496,
                0.42799929689861416,
                0.18673755229972097
            ],
            [
                0.37994318091411466,
                0.4263836142615184,
                0.19367320482436687
            ],
            [
                0.3765093836922651,
                0.4253746407474926,
                0.19811597556024232
            ],
            [
                0.38062691999455023,
                0.4265926166658243,
                0.19278046333962548
            ],
            [
                0.3870306656438372,
                0.4285787862343656,
                0.1843905481217972
            ],
            [
                0.3894916254522404,
                0.4292943344161247,
                0.18121404013163478
            ],
            [
                0.3835583829737364,
                0.42743165969210484,
                0.1890099573341588
            ],
            [
                0.38338331808917914,
                0.4273752597279129,
                0.18924142218290796
            ],
            [
                0.3884739829405086,
                0.4290802922751292,
                0.1824457247843623
            ],
            [
                0.38409425931284846,
                0.4276061910118284,
                0.18829954967532325
            ],
            [
                0.37839917874865237,
                0.4259241946767459,
                0.19567662657456752
            ],
            [
                0.378479209483517,
                0.42594886365246465,
                0.1955719268640149
            ],
            [
                0.38365926162457076,
                0.4275341817949736,
                0.18880655658045575
            ],
            [
                0.38881348326324017,
                0.4291730768313819,
                0.18201343990537813
            ],
            [
                0.3912693392671803,
                0.4299683690290539,
                0.17876229170376592
            ],
            [
                0.3866459155625685,
                0.42843529753189447,
                0.18491878690553698
            ],
            [
                0.3868728052262155,
                0.4285145798617084,
                0.18461261491207623
            ],
            [
                0.3885766482217529,
                0.42909192259289675,
                0.18233142918535042
            ],
            [
                0.3989696599686596,
                0.43282810166461005,
                0.16820223836673046
            ],
            [
                0.3943633166160473,
                0.43102071132455666,
                0.17461597205939608
            ],
            [
                0.39432717889239105,
                0.43100712445709666,
                0.17466569665051215
            ],
            [
                0.393436493322156,
                0.43067258704104777,
                0.17589091963679623
            ],
            [
                0.3930105811379281,
                0.4305153228705626,
                0.17647409599150926
            ],
            [
                0.39892983757973577,
                0.4328170195760809,
                0.16825314284418344
            ],
            [
                0.40181160337991617,
                0.43398057947813534,
                0.16420781714194838
            ],
            [
                0.3952698224592912,
                0.43137738170871265,
                0.17335279583199617
            ],
            [
                0.3991038275077678,
                0.43288421604295185,
                0.16801195644928035
            ],
            [
                0.39969404827394805,
                0.43312402949372236,
                0.16718192223232978
            ],
            [
                0.3960593738543702,
                0.43169435759421154,
                0.17224626855141814
            ],
            [
                0.39549845765373726,
                0.4314741705498787,
                0.17302737179638417
            ],
            [
                0.3984677711571946,
                0.43263684670269437,
                0.168895382140111
            ],
            [
                0.40175840901835363,
                0.43396334122658353,
                0.1642782497550628
            ],
            [
                0.4001665479357604,
                0.4333140677902764,
                0.16651938427396318
            ],
            [
                0.4045383481243826,
                0.43511461656467193,
                0.16034703531094557
            ],
            [
                0.40171531105702296,
                0.4339469348355249,
                0.1643377541074521
            ],
            [
                0.4038794883067967,
                0.43483950101612756,
                0.16128101067707584
            ],
            [
                0.40217782066219376,
                0.43413678647979603,
                0.16368539285801023
            ],
            [
                0.4045688060232029,
                0.4351273691834006,
                0.16030382479339647
            ],
            [
                0.40441810894908187,
                0.43506372026389795,
                0.16051817078702021
            ],
            [
                0.4038919542677481,
                0.4348438086086957,
                0.16126423712355611
            ],
            [
                0.4034775446600059,
                0.43467153024286076,
                0.16185092509713334
            ],
            [
                0.4010388551452192,
                0.4336731066304672,
                0.1652880382243135
            ],
            [
                0.4014852811161404,
                0.4338511949006052,
                0.1646635239832542
            ],
            [
                0.40168722646274524,
                0.4339366577531919,
                0.16437611578406292
            ],
            [
                0.39893708569098824,
                0.43282452176390007,
                0.16823839254511164
            ],
            [
                0.401454445768605,
                0.4338355370347218,
                0.16471001719667322
            ],
            [
                0.39719764609937597,
                0.4321294976288395,
                0.1706728562717844
            ],
            [
                0.39048059083234077,
                0.42965931816143466,
                0.17986009100622474
            ],
            [
                0.39293013678478744,
                0.43048624388258516,
                0.1765836193326274
            ],
            [
                0.3820668708197207,
                0.4269609490607432,
                0.19097218011953618
            ],
            [
                0.37721498952197047,
                0.4255801797604276,
                0.1972048307176018
            ],
            [
                0.35934174601082947,
                0.42103155965349115,
                0.2196266943356794
            ],
            [
                0.37908879644828103,
                0.4261334407904868,
                0.19477776276123204
            ],
            [
                0.3718160018247078,
                0.4240601334258392,
                0.204123864749453
            ],
            [
                0.3634814806462305,
                0.42197175789267366,
                0.2145467614610958
            ],
            [
                0.35824474556036884,
                0.42079351518363417,
                0.22096173925599688
            ],
            [
                0.3615825510332378,
                0.42153210499679394,
                0.21688534396996817
            ],
            [
                0.3633136003593646,
                0.4219323519009983,
                0.21475404773963713
            ],
            [
                0.36775429397808324,
                0.42301154681678965,
                0.2092341592051272
            ],
            [
                0.370165553522987,
                0.42362196489786547,
                0.20621248157914748
            ],
            [
                0.3703358690425162,
                0.42366841888669005,
                0.20599571207079378
            ],
            [
                0.3704410193431765,
                0.42369771104622983,
                0.20586126961059378
            ],
            [
                0.368600318496161,
                0.4232141421729621,
                0.20818553933087677
            ],
            [
                0.36732917334697174,
                0.42289348208037864,
                0.2097773445726497
            ],
            [
                0.3708316703462282,
                0.42380010105371024,
                0.20536822860006138
            ],
            [
                0.37319683617900634,
                0.424439873586451,
                0.20236329023454283
            ],
            [
                0.3726709699974798,
                0.42429488427377793,
                0.2030341457287422
            ],
            [
                0.37401229125650504,
                0.4246662082996155,
                0.2013215004438795
            ],
            [
                0.3797534525261878,
                0.4262624658188905,
                0.19398408165492165
            ],
            [
                0.3786208447060332,
                0.4259142181417888,
                0.19546493715217803
            ],
            [
                0.3794063850865856,
                0.42615805611208996,
                0.19443555880132454
            ],
            [
                0.379505054717193,
                0.426191508213447,
                0.1943034370693599
            ],
            [
                0.37759541811781494,
                0.4256110178523438,
                0.19679356402984108
            ],
            [
                0.378895756843287,
                0.4260026902711644,
                0.19510155288554856
            ],
            [
                0.38083687610596784,
                0.42660313945934863,
                0.19255998443468345
            ],
            [
                0.37729065615073126,
                0.42552038535497655,
                0.19718895849429213
            ],
            [
                0.3749831906482224,
                0.4248435677415513,
                0.2001732416102263
            ],
            [
                0.3683598741317244,
                0.42317428645657446,
                0.20846583941170113
            ],
            [
                0.372633125426741,
                0.4242885944696277,
                0.20307828010363146
            ],
            [
                0.3649749721729956,
                0.4223382059030785,
                0.21268682192392585
            ],
            [
                0.34664608298627836,
                0.41857924496671334,
                0.2347746720470083
            ],
            [
                0.3257279789412069,
                0.4157187155905799,
                0.2585533054682132
            ],
            [
                0.3109648243106973,
                0.4145768010598082,
                0.27445837462949463
            ],
            [
                0.30869772441375914,
                0.4144750390081338,
                0.276827236578107
            ],
            [
                0.3047323426283405,
                0.4143277277598806,
                0.2809399296117789
            ],
            [
                0.3102899341496113,
                0.414544958538179,
                0.27516510731220956
            ],
            [
                0.3113922194272178,
                0.41459764677943406,
                0.2740101337933481
            ],
            [
                0.30964609714127417,
                0.41451580560533896,
                0.27583809725338676
            ],
            [
                0.3118947138439308,
                0.4146228315797817,
                0.2734824545762875
            ],
            [
                0.30961338532465577,
                0.4145143563056743,
                0.2758722583696699
            ],
            [
                0.3142180960392465,
                0.41474882926311163,
                0.2710330746976421
            ],
            [
                0.31694312390463314,
                0.41491684302022946,
                0.26814003307513734
            ],
            [
                0.31676879147225867,
                0.41490543321772866,
                0.2683257753100128
            ],
            [
                0.3103162933248042,
                0.41454617754655443,
                0.27513752912864137
            ],
            [
                0.3136114142118405,
                0.4147144076207782,
                0.2716741781673812
            ],
            [
                0.3269862138093891,
                0.4158471521618173,
                0.25716663402879364
            ],
            [
                0.3271752188096975,
                0.4158726200199505,
                0.256952161170352
            ],
            [
                0.32787860589438683,
                0.41598069663839443,
                0.25614069746721874
            ],
            [
                0.3283105329472946,
                0.41604745449025576,
                0.25564201256244956
            ],
            [
                0.3267525901204236,
                0.41587334026461786,
                0.25737406961495857
            ],
            [
                0.3251592704098345,
                0.41572335364734625,
                0.2591173759428194
            ],
            [
                0.319712437882572,
                0.4152326016521411,
                0.2650549604652871
            ],
            [
                0.32253985364363746,
                0.4154688927813967,
                0.26199125357496583
            ],
            [
                0.3227039821081182,
                0.41549594487094854,
                0.2618000730209331
            ],
            [
                0.31924663369139145,
                0.4151963283851322,
                0.26555703792347635
            ],
            [
                0.31874193870740336,
                0.41515768696860544,
                0.26610037432399125
            ],
            [
                0.3224176223141196,
                0.415442831552567,
                0.26213954613331336
            ],
            [
                0.3221140782868474,
                0.4153964056393481,
                0.2624895160738045
            ],
            [
                0.3197190691233708,
                0.4152136679524253,
                0.265067262924204
            ],
            [
                0.3109072947069946,
                0.41464064658693606,
                0.2744520587060693
            ],
            [
                0.3160545897044588,
                0.4149531505280425,
                0.26899225976749885
            ],
            [
                0.30640029097228905,
                0.4144473600010454,
                0.2791523490266654
            ],
            [
                0.29835181180833387,
                0.41427298906014576,
                0.28737519913152043
            ],
            [
                0.30623194709804863,
                0.4144412893510359,
                0.2793267635509154
            ],
            [
                0.3116496085100555,
                0.4146859330546044,
                0.2736644584353402
            ],
            [
                0.3115329994820895,
                0.41466375802509137,
                0.27380324249281907
            ],
            [
                0.30936593796498657,
                0.4145263386787183,
                0.2761077233562951
            ],
            [
                0.31535375548816436,
                0.4148251167355524,
                0.26982112777628314
            ],
            [
                0.31526486697375017,
                0.4148072181839827,
                0.26992791484226725
            ],
            [
                0.3122368386737282,
                0.4146476415112814,
                0.2731155198149902
            ],
            [
                0.314581533962811,
                0.41477817714046583,
                0.2706402888967231
            ],
            [
                0.31335471886147354,
                0.41467299286430354,
                0.271972288274223
            ],
            [
                0.31616710726534963,
                0.4149313901015794,
                0.2689015026330709
            ],
            [
                0.3162212315216259,
                0.41493493556642,
                0.2688438329119539
            ],
            [
                0.319374215812222,
                0.4151687237748223,
                0.2654570604129559
            ],
            [
                0.32190808320281594,
                0.41537917370787053,
                0.2627127430893135
            ],
            [
                0.3245162289135568,
                0.4156377772787,
                0.25984599380774326
            ],
            [
                0.32434242448350703,
                0.41561513646524967,
                0.2600424390512433
            ],
            [
                0.3213415034997284,
                0.41533537557176425,
                0.2633231209285074
            ],
            [
                0.3202680203147106,
                0.41523801390725407,
