[
    {
        "mu_hats": [
            [
                0.20509333751722447,
                -0.12817227117935243,
                -0.6026058087566044,
                -0.6200259604341065,
                -0.3028705007549835
            ],
            [
                0.31778902219797367,
                0.07354458083354928,
                -0.13059886937829712,
                -0.13557269771862257,
                0.0011806087166664203
            ],
            [
                0.5434068343094826,
                0.27464363666176317,
                0.2054810766748019,
                0.2084477588871491,
                0.25530438684984313
            ],
            [
                0.5908605955792625,
                0.3329660553166911,
                0.36342111323393267,
                0.37152367731578895,
                0.35195359583055363
            ],
            [
                0.6617122569962032,
                0.4132534548539712,
                0.47378758740614,
                0.48328701017132847,
                0.44364231058865455
            ],
            [
                0.5737142023814412,
                0.39745312139184635,
                0.4550572774701553,
                0.46259215471980897,
                0.42469637170761443
            ],
            [
                0.6202980597681591,
                0.45841283970057767,
                0.49482408847697074,
                0.5008490156352761,
                0.47703788186350515
            ],
            [
                0.645238519232489,
                0.46030697482382044,
                0.4915456378761951,
                0.4978661082355582,
                0.4775676472017032
            ],
            [
                0.6333103750562887,
                0.47502575055497653,
                0.47359618149576876,
                0.4774769007648527,
                0.47887683045473456
            ],
            [
                0.6300094132331806,
                0.4701243393800191,
                0.46840881215074187,
                0.47231403179363535,
                0.473909075909031
            ],
            [
                0.6410424371898662,
                0.47130848040882584,
                0.47344166722321257,
                0.4778021091149707,
                0.47685977217420306
            ],
            [
                0.6493705278456129,
                0.4719491508610817,
                0.47794525283594924,
                0.4827076348260147,
                0.47921234613784935
            ],
            [
                0.6722900443560783,
                0.4957648481453587,
                0.481404173788401,
                0.48503908933055745,
                0.4951092376204065
            ],
            [
                0.6765340449079053,
                0.5059672052040517,
                0.4873081173596213,
                0.49056069182106066,
                0.5034789393980253
            ],
            [
                0.6576019003296748,
                0.5009333064603081,
                0.47622327380676843,
                0.4787998143259624,
                0.49571181060397146
            ],
            [
                0.6593023183875479,
                0.4890675802334359,
                0.46790824911186146,
                0.47101679433220894,
                0.4856005377007673
            ],
            [
                0.6821192802156961,
                0.515668003587554,
                0.4783387959930362,
                0.4804749540171247,
                0.5058253734459354
            ],
            [
                0.6751911572626732,
                0.5125909193152905,
                0.47628201016498894,
                0.47837724913167057,
                0.5030367526758922
            ],
            [
                0.6809036805465553,
                0.5157483817587861,
                0.4846572699127314,
                0.4870996498036167,
                0.5082886634007233
            ],
            [
                0.6748838918076601,
                0.5013751692137607,
                0.47733093158318696,
                0.480364746001724,
                0.49688055272794035
            ],
            [
                0.6773205786010451,
                0.493829231743238,
                0.4669370433268391,
                0.470065900211878,
                0.4885080890028336
            ],
            [
                0.6678121465377294,
                0.48493492547689643,
                0.4624452919242342,
                0.46579778096724533,
                0.48130389392697126
            ],
            [
                0.6863301249518784,
                0.5026073868203338,
                0.48309581435863425,
                0.4866311099920327,
                0.5001547076866553
            ],
            [
                0.6794500039726179,
                0.49693778709821634,
                0.4799861355179122,
                0.4836301226216705,
                0.49544409140761436
            ],
            [
                0.6736649269580978,
                0.49427983632730377,
                0.47637208131182046,
                0.47988596492736074,
                0.49232835171575073
            ],
            [
                0.6675979328534131,
                0.4801955035649072,
                0.45877269677349675,
                0.46229626256255146,
                0.47710410864803204
            ],
            [
                0.6688895924268221,
                0.4699188482169136,
                0.4549639620802502,
                0.45912793105036254,
                0.46965752900932034
            ],
            [
                0.6615480973374706,
                0.46425880292448907,
                0.44773317690389725,
                0.4517698301584103,
                0.463341590286207
            ]
        ],
        "N_times_seens": [
            [
                1.0,
                13.0,
                5.0,
                1.0,
                0.0
            ],
            [
                3.0,
                18.0,
                16.0,
                3.0,
                0.0
            ],
            [
                18.0,
                18.0,
                16.0,
                8.0,
                0.0
            ],
            [
                21.0,
                18.0,
                16.0,
                25.0,
                0.0
            ],
            [
                31.0,
                18.0,
                16.0,
                35.0,
                0.0
            ],
            [
                37.0,
                22.0,
                20.0,
                41.0,
                0.0
            ],
            [
                43.0,
                27.0,
                21.0,
                49.0,
                0.0
            ],
            [
                53.0,
                27.0,
                21.0,
                59.0,
                0.0
            ],
            [
                65.0,
                27.0,
                21.0,
                67.0,
                0.0
            ],
            [
                73.0,
                27.0,
                21.0,
                79.0,
                0.0
            ],
            [
                83.0,
                28.0,
                21.0,
                88.0,
                0.0
            ],
            [
                93.0,
                31.0,
                21.0,
                95.0,
                0.0
            ],
            [
                99.0,
                31.0,
                21.0,
                109.0,
                0.0
            ],
            [
                113.0,
                31.0,
                21.0,
                115.0,
                0.0
            ],
            [
                131.0,
                31.0,
                21.0,
                117.0,
                0.0
            ],
            [
                137.0,
                31.0,
                21.0,
                131.0,
                0.0
            ],
            [
                156.0,
                32.0,
                21.0,
                131.0,
                0.0
            ],
            [
                176.0,
                32.0,
                21.0,
                131.0,
                0.0
            ],
            [
                196.0,
                32.0,
                21.0,
                131.0,
                0.0
            ],
            [
                216.0,
                32.0,
                21.0,
                131.0,
                0.0
            ],
            [
                225.0,
                32.0,
                21.0,
                142.0,
                0.0
            ],
            [
                242.0,
                32.0,
                21.0,
                145.0,
                0.0
            ],
            [
                242.0,
                32.0,
                21.0,
                165.0,
                0.0
            ],
            [
                242.0,
                32.0,
                21.0,
                185.0,
                0.0
            ],
            [
                242.0,
                32.0,
                21.0,
                205.0,
                0.0
            ],
            [
                244.0,
                32.0,
                21.0,
                223.0,
                0.0
            ],
            [
                245.0,
                32.0,
                21.0,
                242.0,
                0.0
            ],
            [
                247.0,
                32.0,
                21.0,
                260.0,
                0.0
            ]
        ],
        "w_s": [
            [
                0.3656500619296973,
                0.21353138427664622,
                0.4208185537936565
            ],
            [
                0.36564394851501764,
                0.21353076796879347,
                0.4208252835161889
            ],
            [
                0.27969254845910757,
                0.29729228428260346,
                0.42301516725828897
            ],
            [
                0.22772862332761937,
                0.3915206799965238,
                0.380750696675857
            ],
            [
                0.22772808144844295,
                0.3915501519681104,
                0.38072176658344653
            ],
            [
                0.22772834581781054,
                0.39153586587036227,
                0.3807357883118272
            ],
            [
                0.2277287223018207,
                0.39151549771236893,
                0.3807557799858103
            ],
            [
                0.22772835428030824,
                0.39153530991742624,
                0.3807363358022654
            ],
            [
                0.22772825135796704,
                0.39154088544343907,
                0.38073086319859384
            ],
            [
                0.22772821888425415,
                0.3915426671680208,
                0.3807291139477252
            ],
            [
                0.22772826603606203,
                0.391540262492138,
                0.3807314714718
            ],
            [
                0.22772832568736845,
                0.39153696037225716,
                0.3807347139403743
            ],
            [
                0.22772871413546072,
                0.39151587267804255,
                0.3807554131864966
            ],
            [
                0.22772849553818397,
                0.3915277557629151,
                0.380743748698901
            ],
            [
                0.23611250704754572,
                0.3410215167351919,
                0.4228659762172624
            ],
            [
                0.22811648289832293,
                0.37050149487570344,
                0.4013820222259736
            ],
            [
                0.2657483329636636,
                0.3119269577889093,
                0.42232470924742704
            ],
            [
                0.2653288175638944,
                0.3123496140118513,
                0.42232156842425433
            ],
            [
                0.24990210078369368,
                0.3278043373104178,
                0.42229356190588857
            ],
            [
                0.22847278069763635,
                0.3511929107958273,
                0.42033430850653647
            ],
            [
                0.23102923203190098,
                0.34577127153715576,
                0.4231994964309432
            ],
            [
                0.22808074553548768,
                0.37243822264186277,
                0.3994810318226495
            ],
            [
                0.22772875087836372,
                0.3915137894350712,
                0.3807574596865651
            ],
            [
                0.22772833150700242,
                0.3915364988084378,
                0.38073516968455984
            ],
            [
                0.22772865369450418,
                0.39151912832082614,
                0.3807522179846696
            ],
            [
                0.22783108483164607,
                0.385968187337653,
                0.38620072783070103
            ],
            [
                0.22772829576995607,
                0.39153856421629873,
                0.38073314001374525
            ],
            [
                0.22772863739932375,
                0.39151990265888126,
                0.38075145994179493
            ]
        ],
        "T": 574,
        "best_arm": 0
    },
    {
        "mu_hats": [
            [
                0.5570696192258355,
                0.46611770950202946,
                0.5009367129004865,
                0.7456439582736463,
                0.5369435562874851
            ],
            [
                0.4659451521238271,
                0.37541206845642516,
                0.3602822054291537,
                0.6334455256962725,
                0.4203082683005426
            ],
            [
                0.318118955536997,
                0.2604025154632915,
                0.1668016510216571,
                0.4682780039957295,
                0.23969146901218585
            ],
            [
                0.30675699768099196,
                0.25808857901625726,
                0.18940731503799582,
                0.3923179641527103,
                0.2503213677866817
            ],
            [
                0.3141150782053746,
                0.2534501311785059,
                0.2198052027351801,
                0.42255539991529845,
                0.2716143003346516
            ],
            [
                0.3162569244793234,
                0.25905652580027705,
                0.2313475655853444,
                0.43208031484648074,
                0.2775844239349061
            ],
            [
                0.3391659541226426,
                0.25579259068055615,
                0.2984939559363212,
                0.48299535289542006,
                0.33022961072735857
            ],
            [
                0.3205549121108054,
                0.2440686499467341,
                0.27686726319169735,
                0.4924634772575638,
                0.3046366708950752
            ],
            [
                0.34191741619847604,
                0.2505901404742603,
                0.30907309054030097,
                0.5428733863089414,
                0.3344730191416409
            ],
            [
                0.36677186425470354,
                0.2950757238311087,
                0.3248380176088637,
                0.5431405222330812,
                0.3506310875330399
            ],
            [
                0.33095498328040174,
                0.2584079224685853,
                0.29243737328842967,
                0.519291681293663,
                0.31516319614301647
            ],
            [
                0.3268333383140637,
                0.2506754629478294,
                0.2865487254713465,
                0.5129673958964804,
                0.3113315778401696
            ],
            [
                0.3261976246706724,
                0.22826271229740183,
                0.2859579720905435,
                0.5411803637657041,
                0.3149830466862727
            ],
            [
                0.31101662606697894,
                0.2012543253581417,
                0.28051409058068066,
                0.5410735413903235,
                0.3078346376932431
            ],
            [
                0.3163553973000977,
                0.20769037710536192,
                0.2873813637540033,
                0.5450799347533798,
                0.31407087627717506
            ],
            [
                0.32199291432980237,
                0.2146952523995495,
                0.28942930643365744,
                0.5450717977813178,
                0.3180220728384974
            ],
            [
                0.3115815732385581,
                0.20905137921886421,
                0.27425333647318656,
                0.5299894174808104,
                0.3043627954254558
            ],
            [
                0.31215604395912844,
                0.2032911987896131,
                0.2756386629807517,
                0.5449427219137812,
                0.3063098504156156
            ],
            [
                0.2915987237770325,
                0.17974009220312626,
                0.26066123791115026,
                0.525506136015253,
                0.28972362438533206
            ]
        ],
        "N_times_seens": [
            [
                0.0,
                3.0,
                12.0,
                4.0,
                1.0
            ],
            [
                0.0,
                17.0,
                12.0,
                10.0,
                1.0
            ],
            [
                0.0,
                31.0,
                12.0,
                16.0,
                1.0
            ],
            [
                0.0,
                41.0,
                12.0,
                26.0,
                1.0
            ],
            [
                0.0,
                53.0,
                12.0,
                34.0,
                1.0
            ],
            [
                0.0,
                65.0,
                12.0,
                42.0,
                1.0
            ],
            [
                0.0,
                76.0,
                12.0,
                51.0,
                1.0
            ],
            [
                0.0,
                88.0,
                12.0,
                59.0,
                1.0
            ],
            [
                0.0,
                100.0,
                12.0,
                67.0,
                1.0
            ],
            [
                0.0,
                114.0,
                12.0,
                73.0,
                1.0
            ],
            [
                0.0,
                128.0,
                12.0,
                79.0,
                1.0
            ],
            [
                0.0,
                146.0,
                12.0,
                81.0,
                1.0
            ],
            [
                0.0,
                148.0,
                12.0,
                99.0,
                1.0
            ],
            [
                0.0,
                160.0,
                12.0,
                107.0,
                1.0
            ],
            [
                0.0,
                171.0,
                12.0,
                116.0,
                1.0
            ],
            [
                0.0,
                183.0,
                12.0,
                124.0,
                1.0
            ],
            [
                0.0,
                195.0,
                12.0,
                132.0,
                1.0
            ],
            [
                0.0,
                207.0,
                12.0,
                140.0,
                1.0
            ],
            [
                0.0,
                219.0,
                12.0,
                148.0,
                1.0
            ]
        ],
        "w_s": [
            [
                0.1982103714985377,
                0.16433423779789588,
                0.17347035422076804,
                0.23931214782333857,
                0.22467288865945984
            ],
            [
                0.19820208769351688,
                0.16432979723517627,
                0.1734624796707883,
                0.23932291175575243,
                0.22468272364476602
            ],
            [
                0.18960761654673636,
                0.1597228280227149,
                0.1652935217045924,
                0.25048968265853044,
                0.2348863510674259
            ],
            [
                0.19820836657307117,
                0.16433316306662607,
                0.17346844847620566,
                0.23931475289550713,
                0.22467526898859005
            ],
            [
                0.1982018056159732,
                0.1643296457834435,
                0.17346220957445746,
                0.2393232800629405,
                0.22468305896318544
            ],
            [
                0.1982084986041338,
                0.16433323332679398,
                0.17346856983880046,
                0.23931458510417125,
                0.22467511312610053
            ],
            [
                0.19821761663756773,
                0.16433812116265134,
                0.17347723806273443,
                0.23930273657974302,
                0.22466428755730347
            ],
            [
                0.1982159773926401,
                0.1643372426922184,
                0.1734756818342889,
                0.23930486475950047,
                0.22466623332135205
            ],
            [
                0.19822297884986256,
                0.16434099532818772,
                0.17348233166096283,
                0.239295772136155,
                0.2246579220248318
            ],
            [
                0.18960428480079117,
                0.15972104058199157,
                0.16529042793607707,
                0.25049395436866473,
                0.23489029231247552
            ],
            [
                0.1896116435671426,
                0.15972498862330337,
                0.1652973646840801,
                0.2504844364130516,
                0.23488156671242233
            ],
            [
                0.18960514548872553,
                0.15972150280514227,
                0.16529122171916658,
                0.250492854813145,
                0.23488927517382063
            ],
            [
                0.19822405718685038,
                0.16434157426237572,
                0.17348335793195693,
                0.23929436923382036,
                0.22465664138499655
            ],
            [
                0.19821859036641828,
                0.16433864390962025,
                0.1734781619696419,
                0.23930147203603605,
                0.22466313171828364
            ],
            [
                0.1982182024318432,
                0.16433843585021776,
                0.1734777910642773,
                0.23930197792022384,
                0.224663592733438
            ],
            [
                0.19822171170245928,
                0.1643403173646999,
                0.17348112108271538,
                0.23929742240433352,
                0.22465942744579193
            ],
            [
                0.19822210930229178,
                0.16434053092302264,
                0.17348149910274818,
                0.2392969053562217,
                0.22465895531571567
            ],
            [
                0.19822029383630013,
                0.16433955706865833,
                0.1734797802069365,
                0.23929925941237615,
                0.22466110947572884
            ],
            [
                0.19822441925869472,
                0.16434177016640725,
                0.17348368799043035,
                0.2392939085505685,
                0.22465621403389918
            ]
        ],
        "T": 397,
        "best_arm": 3
    },
    {
        "mu_hats": [
            [
                0.4800523575631956,
                0.6601915344532915,
                0.7435513030419809,
                0.7435715838603048,
                0.6875027308100639
            ],
            [
                0.7758914427546271,
                0.6290181613736343,
                0.7266784184746712,
                0.735652797481334,
                0.6709762625756689
            ],
            [
                0.745340599400977,
                0.5447532922004694,
                0.6310266653118415,
                0.6407261745374919,
                0.58379082381855
            ],
            [
                0.6283610523332313,
                0.43894976925380247,
                0.432188358585488,
                0.43655804591696457,
                0.44159961844525675
            ],
            [
                0.5778803113946089,
                0.4225424476262289,
                0.4733299446622101,
                0.4799715437922467,
                0.4465600211102702
            ],
            [
                0.6087733383844814,
                0.4315948859446622,
                0.4501274714305382,
                0.4555643137591111,
                0.4437126636072086
            ],
            [
                0.6194727922158862,
                0.438507325151837,
                0.44314919945228176,
                0.44792669730113077,
                0.44534402418980623
            ],
            [
                0.602451579908265,
                0.44163418530704834,
                0.4355277833834653,
                0.4392179622192497,
                0.44374219604249787
            ],
            [
                0.5870975649359528,
                0.40488620102431827,
                0.40755264769858873,
                0.41225406759380306,
                0.41099155348020566
            ],
            [
                0.6149426337023705,
                0.41391358387066857,
                0.42079976962452514,
                0.4262008410974424,
                0.42217898885728067
            ],
            [
                0.6233143298149714,
                0.4215807322872285,
                0.4302465910735684,
                0.4357618900681879,
                0.43055586042563276
            ],
            [
                0.6196812976115329,
                0.4151618163532472,
                0.4191359443392156,
                0.4244662239460141,
                0.4223951430154246
            ],
            [
                0.6074761289668782,
                0.4032206216457436,
                0.3959051071885915,
                0.40061593413094754,
                0.4060687524050802
            ],
            [
                0.6044908642082687,
                0.3997043314803546,
                0.3870968700213403,
                0.39153370655658354,
                0.40051515352046596
            ],
            [
                0.6134748347428309,
                0.40035933114623906,
                0.3951056494027328,
                0.40014996913222883,
                0.40425358496811403
            ],
            [
                0.6197383772549622,
                0.4030009664821713,
                0.3939783745098273,
                0.39890867656010354,
                0.4055345347034531
            ],
            [
                0.6130187214682999,
                0.4063631807412007,
                0.3898022768151993,
                0.3940712426066195,
                0.4056929727728348
            ],
            [
                0.6145263713552458,
                0.4088980802785077,
                0.3851151867543354,
                0.38896642220378597,
                0.4053987695446325
            ],
            [
                0.6076244391986234,
                0.39249144486046994,
                0.371532406621375,
                0.3757746233756346,
                0.39035169472389813
            ],
            [
                0.6131857315253393,
                0.4021015342087385,
                0.37845884525214185,
                0.38245413087816954,
                0.3988084420539836
            ],
            [
                0.606750952781208,
                0.4021142411798867,
                0.384301620584081,
                0.38845215158329016,
                0.40090245917050704
            ],
            [
                0.5991431021040031,
                0.3951042306483048,
                0.384599080754068,
                0.38913134274806566,
                0.3967094688409958
            ],
            [
                0.5923619034625046,
                0.38639056123208204,
                0.3848428987727304,
                0.3899097389729018,
                0.3915230804868226
            ],
            [
                0.6093985655737681,
                0.412016466252902,
                0.4085550965081399,
                0.4133032557176949,
                0.4161678375859259
            ],
            [
                0.6143009198914846,
                0.40654504039863526,
                0.3988030183394931,
                0.4035782285736861,
                0.4093252054386735
            ],
            [
                0.614561637170773,
                0.41028145156425955,
                0.4013418700624347,
                0.40596515266847516,
                0.41250049545906414
            ],
            [
                0.605207467331072,
                0.3944723573812527,
                0.38760314059315604,
                0.39250023400352424,
                0.3976738940528345
            ],
            [
                0.6028153463560271,
                0.3884105029974603,
                0.3878521493068604,
                0.39318359536008074,
                0.39416137624243014
            ],
            [
                0.5886936851829647,
                0.3833918123050057,
                0.3803044598071949,
                0.3852709770411038,
                0.3879086442915838
            ],
            [
                0.5869398607727543,
                0.38183171982907704,
                0.3750424669712375,
                0.37980318404312663,
                0.3849076528350693
            ],
            [
                0.5845742874752371,
                0.38804468173816997,
                0.37557558303107497,
                0.3798134443687058,
                0.38867934786223635
            ],
            [
                0.5742443268297516,
                0.3835796200297709,
                0.37041261752604615,
                0.37446592639108806,
                0.3837804221460842
            ],
            [
                0.5770455558360257,
                0.39096073571930146,
                0.3728652938039774,
                0.37653653327467274,
                0.3891229398625541
            ]
        ],
        "N_times_seens": [
            [
                6.0,
                7.0,
                3.0,
                4.0,
                0.0
            ],
            [
                13.0,
                9.0,
                4.0,
                14.0,
                0.0
            ],
            [
                22.0,
                9.0,
                4.0,
                25.0,
                0.0
            ],
            [
                32.0,
                9.0,
                4.0,
                35.0,
                0.0
            ],
            [
                41.0,
                11.0,
                6.0,
                42.0,
                0.0
            ],
            [
                49.0,
                11.0,
                6.0,
                54.0,
                0.0
            ],
            [
                59.0,
                11.0,
                6.0,
                64.0,
                0.0
            ],
            [
                68.0,
                11.0,
                6.0,
                75.0,
                0.0
            ],
            [
                78.0,
                11.0,
                6.0,
                85.0,
                0.0
            ],
            [
                88.0,
                11.0,
                6.0,
                95.0,
                0.0
            ],
            [
                97.0,
                11.0,
                6.0,
                106.0,
                0.0
            ],
            [
                107.0,
                11.0,
                6.0,
                116.0,
                0.0
            ],
            [
                117.0,
                11.0,
                6.0,
                126.0,
                0.0
            ],
            [
                126.0,
                11.0,
                6.0,
                137.0,
                0.0
            ],
            [
                136.0,
                11.0,
                6.0,
                147.0,
                0.0
            ],
            [
                145.0,
                11.0,
                6.0,
                158.0,
                0.0
            ],
            [
                155.0,
                11.0,
                6.0,
                168.0,
                0.0
            ],
            [
                169.0,
                11.0,
                6.0,
                174.0,
                0.0
            ],
            [
                176.0,
                11.0,
                6.0,
                187.0,
                0.0
            ],
            [
                184.0,
                11.0,
                6.0,
                199.0,
                0.0
            ],
            [
                193.0,
                11.0,
                6.0,
                210.0,
                0.0
            ],
            [
                203.0,
                11.0,
                6.0,
                220.0,
                0.0
            ],
            [
                213.0,
                11.0,
                6.0,
                230.0,
                0.0
            ],
            [
                222.0,
                11.0,
                6.0,
                241.0,
                0.0
            ],
            [
                232.0,
                11.0,
                6.0,
                251.0,
                0.0
            ],
            [
                241.0,
                11.0,
                6.0,
                262.0,
                0.0
            ],
            [
                251.0,
                11.0,
                6.0,
                272.0,
                0.0
            ],
            [
                261.0,
                11.0,
                6.0,
                282.0,
                0.0
            ],
            [
                270.0,
                11.0,
                6.0,
                293.0,
                0.0
            ],
            [
                280.0,
                11.0,
                6.0,
                303.0,
                0.0
            ],
            [
                290.0,
                11.0,
                6.0,
                313.0,
                0.0
            ],
            [
                299.0,
                11.0,
                6.0,
                324.0,
                0.0
            ],
            [
                309.0,
                11.0,
                6.0,
                334.0,
                0.0
            ]
        ],
        "w_s": [
            [
                0.4042702604788146,
                0.35532899534908835,
                0.24040074417209711
            ],
            [
                0.22772820940834596,
                0.3915433433802969,
                0.3807284472113571
            ],
            [
                0.22772808971036218,
                0.39154978820934233,
                0.3807221220802956
            ],
            [
                0.22772820127693305,
                0.39154368781812554,
                0.38072811090494124
            ],
            [
                0.22772826925050854,
                0.391540029994956,
                0.3807317007545353
            ],
            [
                0.2277285981661555,
                0.3915222526591561,
                0.38074914917468833
            ],
            [
                0.22772832405986534,
                0.39153706499113194,
                0.3807346109490028
            ],
            [
                0.22772843029624038,
                0.39153115081416934,
                0.3807404188895903
            ],
            [
                0.22772818291374672,
                0.39154461907524624,
                0.3807271980110071
            ],
            [
                0.22772872269745936,
                0.3915153031851539,
                0.3807559741173868
            ],
            [
                0.22772893493075272,
                0.39150393903447517,
                0.38076712603477214
            ],
            [
                0.22772864448849517,
                0.3915195843964005,
                0.38075177111510433
            ],
            [
                0.22772850130880373,
                0.3915273012449665,
                0.38074419744622984
            ],
            [
                0.2277287461407717,
                0.39151427696027374,
                0.38075697689895455
            ],
            [
                0.22772801490335262,
                0.3915537879537199,
                0.3807181971429276
            ],
            [
                0.22772820647628184,
                0.3915433630716739,
                0.3807284304520443
            ],
            [
                0.2277282653964872,
                0.3915401730122069,
                0.38073156159130594
            ],
            [
                0.22787169643299546,
                0.3837673173442369,
                0.3883609862227677
            ],
            [
                0.227728982070637,
                0.39150143991962805,
                0.380769578009735
            ],
            [
                0.22775961084675614,
                0.38984138239709043,
                0.38239900675615346
            ],
            [
                0.22772864086457895,
                0.39151978425686035,
                0.3807515748785606
            ],
            [
                0.22772842260250148,
                0.3915315444478809,
                0.3807400329496175
            ],
            [
                0.22772848535241327,
                0.3915281363188374,
                0.3807433783287492
            ],
            [
                0.2277283781353779,
                0.3915339744222505,
                0.3807376474423716
            ],
            [
                0.22772844194270955,
                0.3915307104254544,
                0.3807408476318359
            ],
            [
                0.22772827595970804,
                0.3915396348007987,
                0.3807320892394932
            ],
            [
                0.22772836646507127,
                0.39153473162737945,
                0.3807369019075493
            ],
            [
                0.22772880667222042,
                0.39151082460351055,
                0.38076036872426894
            ],
            [
                0.22772847216447764,
                0.39152889169398575,
                0.3807426361415368
            ],
