[
    {
        "mu_hats": [
            [
                0.4792733812861215,
                0.41255491743424705,
                0.421506641196717,
                0.6618093668517934,
                0.4534528320884326
            ],
            [
                0.42513427874200105,
                0.3653954331538607,
                0.326676292024105,
                0.6019938077845522,
                0.37548114569906543
            ],
            [
                0.5422921156438768,
                0.46699236407886413,
                0.44008943155370556,
                0.7535725882251546,
                0.4928332482408067
            ],
            [
                0.540654035269763,
                0.44775247958554376,
                0.4333367421794488,
                0.7692315020627581,
                0.49204676694729294
            ],
            [
                0.4843766816867079,
                0.398271853602272,
                0.3779466743180501,
                0.6850520451565085,
                0.43641293231165373
            ],
            [
                0.4935208933764056,
                0.41057598970623105,
                0.39057078097127207,
                0.6655604880408045,
                0.4498328173597934
            ],
            [
                0.46887200930853695,
                0.4072472975092543,
                0.3765346303241969,
                0.6172451454296666,
                0.4252426420550468
            ],
            [
                0.4889696963221005,
                0.4337276501098869,
                0.39962580213328186,
                0.6209523631116047,
                0.4458879151180586
            ],
            [
                0.43691535147994043,
                0.37889854523635524,
                0.3583575171636901,
                0.5858506699007109,
                0.39890017780285425
            ],
            [
                0.41332199051118174,
                0.34108828098731275,
                0.34925276134719724,
                0.6066636064296408,
                0.383574964965982
            ],
            [
                0.41115063584355327,
                0.336251215545993,
                0.3388267021645471,
                0.6032280335639646,
                0.37778110366231105
            ],
            [
                0.38693740759791306,
                0.31676215561701165,
                0.31150849236328493,
                0.5826691216776397,
                0.3495183291853966
            ],
            [
                0.3859296172128392,
                0.31691940647318706,
                0.3151939140719026,
                0.577519679067383,
                0.3517146204977706
            ],
            [
                0.37759070027158553,
                0.3210982484878484,
                0.3106874974606657,
                0.5763376135354399,
                0.3405826341574908
            ],
            [
                0.3755085445247077,
                0.3286154336178634,
                0.3064152562667285,
                0.547914830874421,
                0.33723733288579644
            ],
            [
                0.38154727947187167,
                0.3339648267404691,
                0.3100908615175513,
                0.5376344282735165,
                0.343640164296181
            ],
            [
                0.3941939509948689,
                0.3348275110354923,
                0.3197584274001463,
                0.5679828592844927,
                0.35664828836354845
            ],
            [
                0.3931979001013572,
                0.33846760734010556,
                0.3242568482224135,
                0.5679066740618008,
                0.3568736801616672
            ],
            [
                0.39284438960110657,
                0.3288927217659327,
                0.33570914828716136,
                0.5816197336361009,
                0.36436260941196913
            ],
            [
                0.40761763409078905,
                0.3452757095496791,
                0.3534215867511459,
                0.5911005620581415,
                0.3808409571940677
            ],
            [
                0.4091244549669912,
                0.344407893734306,
                0.355650867603271,
                0.5983127253099413,
                0.383030764988165
            ],
            [
                0.3919488661968763,
                0.3259991693449143,
                0.33961095970983385,
                0.5778074685505947,
                0.3669442652019425
            ],
            [
                0.39554722265060854,
                0.33211095346562497,
                0.3394148638092747,
                0.5633181116859935,
                0.3698863600974704
            ],
            [
                0.39609674968765785,
                0.3334376471108604,
                0.3419523812150761,
                0.5612389393364489,
                0.37174973085557095
            ],
            [
                0.39909637974380735,
                0.33302138468199194,
                0.3444937094823008,
                0.563633906983452,
                0.37572908240465086
            ],
            [
                0.3982324770710339,
                0.3329740781826301,
                0.3420842674143295,
                0.5657582209283075,
                0.37328381886016604
            ],
            [
                0.3956409559387287,
                0.33106109472026657,
                0.34028914274543115,
                0.572173904477211,
                0.37028362811394083
            ],
            [
                0.3917892247598175,
                0.32581862507105486,
                0.33648239462505825,
                0.5667120867633209,
                0.3671726480710213
            ],
            [
                0.4007639232257446,
                0.34233413308521876,
                0.34868611794831683,
                0.5624931311850279,
                0.3768856551385511
            ],
            [
                0.39253619109159893,
                0.33392660343910396,
                0.3370875780738947,
                0.5548727114862566,
                0.36693712190104016
            ],
            [
                0.4074102253933797,
                0.3518746484325174,
                0.34867779401632387,
                0.5606782114957709,
                0.3799236218461938
            ],
            [
                0.411743293814828,
                0.3539879557316755,
                0.35599546811042115,
                0.5700050256554967,
                0.386021063463439
            ],
            [
                0.39958989802892253,
                0.33668541974292465,
                0.34174538721315273,
                0.5604240554190502,
                0.373859484046428
            ],
            [
                0.40686088065670545,
                0.3421549266279089,
                0.3480970842219373,
                0.5623046742126756,
                0.3817507288808667
            ],
            [
                0.39234681622155554,
                0.3251392201660101,
                0.33500773208886026,
                0.5543690171771927,
                0.36835374790802683
            ],
            [
                0.3949963505084484,
                0.32531292474373985,
                0.33996699426179344,
                0.5633914506173886,
                0.3721902087650947
            ],
            [
                0.39649806059294296,
                0.32867754682413547,
                0.34139113182713493,
                0.5604937759837246,
                0.3733327979920798
            ],
            [
                0.39121023977992236,
                0.3236250057761045,
                0.3368700738200502,
                0.5574051878929601,
                0.3682745812559599
            ],
            [
                0.39514287475628546,
                0.33004125285169744,
                0.3420430731634201,
                0.5566512268239137,
                0.37251177064781316
            ],
            [
                0.3970263858000822,
                0.3301574258440553,
                0.34405097602829715,
                0.5604570219160991,
                0.37476514661772686
            ],
            [
                0.38895119113338594,
                0.32113074307680867,
                0.3371070670856149,
                0.5558081331842968,
                0.36729965864060404
            ],
            [
                0.3876465532452973,
                0.3202447215828074,
                0.3383287528133659,
                0.5433206002508907,
                0.3684422471460568
            ],
            [
                0.3848230710502698,
                0.3192791299291995,
                0.3341542746717623,
                0.5312152238034964,
                0.36532391566965006
            ],
            [
                0.37931999133922323,
                0.3147403747479126,
                0.3296185188582612,
                0.5256233810241022,
                0.3600635245598892
            ],
            [
                0.37854318776880735,
                0.3161038781032195,
                0.3303791293781127,
                0.5240744675430354,
                0.3595113729202952
            ],
            [
                0.37731274255274405,
                0.3140390399953446,
                0.3271044980473717,
                0.521922519829547,
                0.3575293617499773
            ],
            [
                0.3704481674510176,
                0.3113268719913685,
                0.3205194196110472,
                0.5103153545887055,
                0.3498339565207773
            ],
            [
                0.3742948300303761,
                0.3134155371799944,
                0.32703001881025795,
                0.5167237224692893,
                0.3553862178188003
            ],
            [
                0.37407983442300063,
                0.3125052655464985,
                0.32759940256958797,
                0.5172266980471525,
                0.3556876720481675
            ],
            [
                0.3733052334817664,
                0.31147218642206415,
                0.32693599723420413,
                0.5182211486554733,
                0.3547949936404666
            ],
            [
                0.3680691022993842,
                0.30674814102954323,
                0.32440589234641876,
                0.5097530844914425,
                0.3511941311246245
            ],
            [
                0.3701687444257941,
                0.3087343429045881,
                0.3274607277761815,
                0.5123856059137928,
                0.3538090861680139
            ],
            [
                0.3727931403908279,
                0.31116268435690975,
                0.32607840358529316,
                0.5149324789017771,
                0.35438413904696675
            ],
            [
                0.3685313073187883,
                0.30809678791503137,
                0.32284010965677035,
                0.5086461393471491,
                0.3504980281515348
            ],
            [
                0.3698473679991952,
                0.30670186756189,
                0.327253814580259,
                0.5150360217429286,
                0.35381736344223047
            ],
            [
                0.3726529286388948,
                0.3114277383475397,
                0.3290185108666842,
                0.5116844262505162,
                0.35600861347537727
            ],
            [
                0.3752268217976854,
                0.31396298673368017,
                0.33132393233722385,
                0.5162457403566095,
                0.35826182204208445
            ],
            [
                0.374807584637448,
                0.3129207537562002,
                0.3325436976079882,
                0.5223571971332316,
                0.35814402066951123
            ]
        ],
        "N_times_seens": [
            [
                0.0,
                9.0,
                5.0,
                6.0,
                0.0
            ],
            [
                0.0,
                23.0,
                5.0,
                12.0,
                0.0
            ],
            [
                0.0,
                36.0,
                5.0,
                19.0,
                0.0
            ],
            [
                0.0,
                47.0,
                5.0,
                28.0,
                0.0
            ],
            [
                0.0,
                60.0,
                5.0,
                35.0,
                0.0
            ],
            [
                0.0,
                69.0,
                5.0,
                46.0,
                0.0
            ],
            [
                0.0,
                80.0,
                5.0,
                55.0,
                0.0
            ],
            [
                0.0,
                98.0,
                5.0,
                57.0,
                0.0
            ],
            [
                0.0,
                112.0,
                5.0,
                63.0,
                0.0
            ],
            [
                0.0,
                125.0,
                5.0,
                70.0,
                0.0
            ],
            [
                0.0,
                138.0,
                5.0,
                77.0,
                0.0
            ],
            [
                0.0,
                150.0,
                5.0,
                85.0,
                0.0
            ],
            [
                0.0,
                163.0,
                5.0,
                92.0,
                0.0
            ],
            [
                0.0,
                176.0,
                5.0,
                99.0,
                0.0
            ],
            [
                0.0,
                189.0,
                5.0,
                106.0,
                0.0
            ],
            [
                0.0,
                201.0,
                5.0,
                114.0,
                0.0
            ],
            [
                0.0,
                214.0,
                5.0,
                121.0,
                0.0
            ],
            [
                0.0,
                227.0,
                5.0,
                128.0,
                0.0
            ],
            [
                0.0,
                240.0,
                5.0,
                135.0,
                0.0
            ],
            [
                0.0,
                252.0,
                5.0,
                143.0,
                0.0
            ],
            [
                0.0,
                265.0,
                5.0,
                150.0,
                0.0
            ],
            [
                0.0,
                278.0,
                5.0,
                157.0,
                0.0
            ],
            [
                0.0,
                291.0,
                5.0,
                164.0,
                0.0
            ],
            [
                0.0,
                303.0,
                5.0,
                172.0,
                0.0
            ],
            [
                0.0,
                316.0,
                5.0,
                179.0,
                0.0
            ],
            [
                0.0,
                329.0,
                5.0,
                186.0,
                0.0
            ],
            [
                0.0,
                342.0,
                5.0,
                193.0,
                0.0
            ],
            [
                0.0,
                354.0,
                5.0,
                201.0,
                0.0
            ],
            [
                0.0,
                367.0,
                5.0,
                208.0,
                0.0
            ],
            [
                0.0,
                380.0,
                5.0,
                215.0,
                0.0
            ],
            [
                0.0,
                393.0,
                5.0,
                222.0,
                0.0
            ],
            [
                0.0,
                405.0,
                5.0,
                230.0,
                0.0
            ],
            [
                0.0,
                418.0,
                5.0,
                237.0,
                0.0
            ],
            [
                0.0,
                431.0,
                5.0,
                244.0,
                0.0
            ],
            [
                0.0,
                444.0,
                5.0,
                251.0,
                0.0
            ],
            [
                0.0,
                456.0,
                5.0,
                259.0,
                0.0
            ],
            [
                0.0,
                462.0,
                5.0,
                273.0,
                0.0
            ],
            [
                0.0,
                482.0,
                5.0,
                273.0,
                0.0
            ],
            [
                0.0,
                495.0,
                5.0,
                280.0,
                0.0
            ],
            [
                0.0,
                507.0,
                5.0,
                288.0,
                0.0
            ],
            [
                0.0,
                520.0,
                5.0,
                295.0,
                0.0
            ],
            [
                0.0,
                524.0,
                5.0,
                311.0,
                0.0
            ],
            [
                0.0,
                524.0,
                5.0,
                331.0,
                0.0
            ],
            [
                0.0,
                524.0,
                5.0,
                351.0,
                0.0
            ],
            [
                0.0,
                531.0,
                5.0,
                364.0,
                0.0
            ],
            [
                0.0,
                543.0,
                5.0,
                372.0,
                0.0
            ],
            [
                0.0,
                555.0,
                5.0,
                380.0,
                0.0
            ],
            [
                0.0,
                567.0,
                5.0,
                388.0,
                0.0
            ],
            [
                0.0,
                579.0,
                5.0,
                396.0,
                0.0
            ],
            [
                0.0,
                591.0,
                5.0,
                404.0,
                0.0
            ],
            [
                0.0,
                602.0,
                5.0,
                413.0,
                0.0
            ],
            [
                0.0,
                614.0,
                5.0,
                421.0,
                0.0
            ],
            [
                0.0,
                626.0,
                5.0,
                429.0,
                0.0
            ],
            [
                0.0,
                638.0,
                5.0,
                437.0,
                0.0
            ],
            [
                0.0,
                650.0,
                5.0,
                445.0,
                0.0
            ],
            [
                0.0,
                662.0,
                5.0,
                453.0,
                0.0
            ],
            [
                0.0,
                674.0,
                5.0,
                461.0,
                0.0
            ],
            [
                0.0,
                686.0,
                5.0,
                469.0,
                0.0
            ]
        ],
        "w_s": [
            [
                0.1896074477101451,
                0.15972273638040438,
                0.16529338050516817,
                0.2504898875752838,
                0.23488654782899843
            ],
            [
                0.1896067063288043,
                0.15972233828968235,
                0.16529271851205266,
                0.25049081722574146,
                0.2348874196437192
            ],
            [
                0.18960782319867958,
                0.15972294164355572,
                0.16529371179646785,
                0.25048941683118015,
                0.23488610653011674
            ],
            [
                0.18960458975211408,
                0.15972120479128823,
                0.1652907010728335,
                0.2504935709110937,
                0.23488993347267056
            ],
            [
                0.19821221362964925,
                0.1643352252088198,
                0.1734721047684891,
                0.23930975468870952,
                0.22467070170433223
            ],
            [
                0.19820696249685243,
                0.16433241044287444,
                0.1734671140586055,
                0.23931657707986081,
                0.2246769359218068
            ],
            [
                0.18960180869416088,
                0.15971971294341178,
                0.1652880792389259,
                0.2504971679965608,
                0.23489323112694058
            ],
            [
                0.1946232459443861,
                0.1624113984712346,
                0.17006086519954108,
                0.24397286034331556,
                0.2289316300415227
            ],
            [
                0.1896030169068986,
                0.1597203600790311,
                0.16528922974390317,
                0.2504955969210402,
                0.2348917963491269
            ],
            [
                0.18961249156169954,
                0.1597254427066426,
                0.16529816789359605,
                0.2504833372711176,
                0.23488056056694423
            ],
            [
                0.1896037984224118,
                0.15972077928293937,
                0.1652899790682613,
                0.25049457605357217,
                0.2348908671728154
            ],
            [
                0.18960049997038764,
                0.1597190109512555,
                0.1652868294786742,
                0.2504988734985354,
                0.2348947861011474
            ],
            [
                0.18960196048774625,
                0.15971979370916947,
                0.16528822551941547,
                0.2504969696899883,
                0.23489305059368068
            ],
            [
                0.18960405323835813,
                0.15972091549413017,
                0.16529021602151756,
                0.2504942495019109,
                0.2348905657440834
            ],
            [
                0.18960811472855787,
                0.15972309282806163,
                0.16529406484672765,
                0.250488981502206,
                0.2348857460944467
            ],
            [
                0.18960655440242613,
                0.15972225721549424,
                0.1652925687578325,
                0.250491018590081,
                0.2348876010341662
            ],
            [
                0.18960682030073633,
                0.15972240014307199,
                0.1652928347204029,
                0.2504906621774101,
                0.23488728265837863
            ],
            [
                0.1896115285670441,
                0.15972492491469983,
                0.16529725020875793,
                0.2504845917445026,
                0.2348817045649956
            ],
            [
                0.1896021236278918,
                0.15971988110085264,
                0.16528837693644788,
                0.250496760693882,
                0.23489285764092577
            ],
            [
                0.1896028422169446,
                0.15972026627141023,
                0.16528906202014268,
                0.2504958253901607,
                0.2348920041013419
            ],
            [
                0.1896018659807006,
                0.15971974298879932,
                0.16528813221648073,
                0.25049709531958986,
                0.23489316349442957
            ],
            [
                0.18960320453288598,
                0.15972046058674938,
                0.16528939999120504,
                0.25049535968282466,
                0.23489157520633502
            ],
            [
                0.1896047281256612,
                0.15972127995663252,
                0.16529080011934502,
                0.25049341628393323,
                0.23488977551442808
            ],
            [
                0.18960311256651724,
                0.1597204133978271,
                0.16528927528529505,
                0.2504955072469361,
                0.23489169150342443
            ],
            [
                0.189604055778809,
                0.1597209179439503,
                0.16529020852467585,
                0.25049425321146124,
                0.23489056454110355
            ],
            [
                0.18960546599724432,
                0.15972167425050948,
                0.16529154946333166,
                0.25049242016521395,
                0.23488889012370062
            ],
            [
                0.18961108859982417,
                0.1597246898981122,
                0.165296807037582,
                0.2504851827076567,
                0.23488223175682496
            ],
            [
                0.18961028104446478,
                0.15972425681202015,
                0.16529607829942375,
                0.2504862010119702,
                0.23488318283212112
            ],
            [
                0.1896064691724285,
                0.15972221209716217,
                0.1652924668427923,
                0.2504911455929927,
                0.23488770629462435
            ],
            [
                0.1896076496371098,
                0.15972284518997712,
                0.16529358221474774,
                0.25048961687298354,
                0.23488630608518174
            ],
            [
                0.18961116958189264,
                0.15972473302966406,
                0.16529685710166872,
                0.2504850992574381,
                0.23488214102933655
            ],
            [
                0.18960650816751867,
                0.1597222329607135,
                0.16529249864932008,
                0.250491099171945,
                0.2348876610505027
            ],
            [
                0.18960531018631085,
                0.15972159067621602,
                0.16529140308170806,
                0.25049262128001976,
                0.23488907477574528
            ],
            [
                0.18960173668479907,
                0.15971967505894558,
                0.16528799998838,
                0.25049726960586977,
                0.23489331866200552
            ],
            [
                0.18960687141109245,
                0.15972242800435693,
                0.16529286577603938,
                0.2504906094056821,
                0.2348872254028292
            ],
            [
                0.18959881950422003,
                0.15971811043201953,
                0.1652852401142058,
                0.25050105035060444,
                0.23489677959895014
            ],
            [
                0.1895952225701783,
                0.15971618323350484,
                0.1652818016961147,
                0.2505057387433059,
                0.2349010537568963
            ],
            [
                0.18960699578951837,
                0.15972249790333234,
                0.16529292027376896,
                0.25049049610296503,
                0.23488708993041535
            ],
            [
                0.18960541746119125,
                0.1597216497369846,
                0.16529146108774323,
                0.25049251578766374,
                0.2348889559264172
            ],
            [
                0.18960368151088844,
                0.15972071666877796,
                0.16528986306648788,
                0.2504947318149317,
                0.23489100693891404
            ],
            [
                0.18960357759751426,
                0.1597206612174908,
                0.16528975818857955,
                0.25049487151161576,
                0.23489113148479973
            ],
            [
                0.1982333951506999,
                0.16434657894135304,
                0.17349223424759053,
                0.2392822366116623,
                0.2246455550486943
            ],
            [
                0.19821680031220013,
                0.16433768376632368,
                0.17347646365740796,
                0.23930379586288741,
                0.22466525640118057
            ],
            [
                0.19821433532255683,
                0.16433636253872197,
                0.17347412156429518,
                0.2393069978430865,
                0.2246681827313394
            ],
            [
                0.19822406359596254,
                0.16434157683033554,
                0.17348336452822935,
                0.2392943612416459,
                0.22465663380382658
            ],
            [
                0.1982171259347508,
                0.16433785833005526,
                0.17347677329431976,
                0.23930337265839055,
                0.22466486978248346
            ],
            [
                0.19820828481353225,
                0.16433311897084785,
                0.17346836859857223,
                0.23931486109487835,
                0.22467536652216938
            ],
            [
                0.19821650491929044,
                0.16433752519097977,
                0.17347618101722806,
                0.2393041813686333,
                0.22466560750386852
            ],
            [
                0.19822826062166032,
                0.16434382639248693,
                0.1734873520465667,
                0.2392889096093555,
                0.22465165132993062
            ],
            [
                0.1982161545974782,
                0.1643373375081242,
                0.17347584887429382,
                0.239304635782583,
                0.22466602323752066
            ],
            [
                0.19822832293142284,
                0.1643438601772604,
                0.17348741436098872,
                0.23928882584131353,
                0.22465157668901445
            ],
            [
                0.19822889689954687,
                0.16434416770132557,
                0.17348795873786318,
                0.23928808115283653,
                0.22465089550842773
            ],
            [
                0.1982272477562612,
                0.16434328368976459,
                0.173486391209783,
                0.2392902239131138,
                0.22465285343107724
            ],
            [
                0.19821286998606386,
                0.16433557686996017,
                0.17347272725465174,
                0.23930890313641892,
                0.22466992275290518
            ],
            [
                0.19821503815302816,
                0.1643367392734696,
                0.17347478951122136,
                0.23930608473503834,
                0.22466734832724258
            ],
            [
                0.19821320927200806,
                0.16433575893201666,
                0.17347305127920457,
                0.2393084609055675,
                0.22466951961120318
            ],
            [
                0.19822658503415166,
                0.16434292867583244,
                0.17348576316346942,
                0.2392910832918659,
                0.22465363983468065
            ],
            [
                0.19724472819970815,
                0.16381661492478555,
                0.172552527166535,
                0.24056680017156915,
                0.22581932953740216
            ]
        ],
        "T": 1162,
        "best_arm": 3
    }
]